Time(s)	QueueSize(packets)
0.1	0
0.2	0
0.3	0
0.4	0
0.5	0
0.6	0
0.7	0
0.8	0
0.9	0
1	0
1.1	0
1.2	0
1.3	0
1.4	0
1.5	0
1.6	0
1.7	0
1.8	0
1.9	0
2	0
2.1	0
2.2	0
2.3	0
2.4	0
2.5	0
2.6	0
2.7	0
2.8	0
2.9	0
3	0
3.1	0
3.2	0
3.3	0
3.4	0
3.5	0
3.6	0
3.7	0
3.8	0
3.9	0
4	0
4.1	0
4.2	0
4.3	0
4.4	0
4.5	0
4.6	0
4.7	0
4.8	0
4.9	0
5	0
5.1	0
5.2	0
5.3	0
5.4	0
5.5	0
5.6	0
5.7	0
5.8	0
5.9	0
6	0
6.1	0
6.2	0
6.3	0
6.4	0
6.5	0
6.6	0
6.7	0
6.8	0
6.9	0
7	0
7.1	0
7.2	0
7.3	0
7.4	0
7.5	0
7.6	0
7.7	0
7.8	0
7.9	0
8	0
8.1	0
8.2	0
8.3	0
8.4	0
8.5	0
8.6	0
8.7	0
8.8	0
8.9	0
9	0
9.1	0
9.2	0
9.3	0
9.4	0
9.5	0
9.6	0
9.7	0
9.8	0
9.9	0
10	0
10.1	4
10.2	21
10.3	23
10.4	20
10.5	20
10.6	21
10.7	22
10.8	24
10.9	21
11	21
11.1	23
11.2	23
11.3	23
11.4	19
11.5	22
11.6	21
11.7	23
11.8	19
11.9	24
12	22
12.1	21
12.2	21
12.3	20
12.4	25
12.5	24
12.6	20
12.7	22
12.8	22
12.9	23
13	23
13.1	21
13.2	23
13.3	23
13.4	19
13.5	21
13.6	22
13.7	23
13.8	22
13.9	20
14	19
14.1	22
14.2	20
14.3	19
14.4	21
14.5	19
14.6	22
14.7	21
14.8	20
14.9	23
15	21
15.1	22
15.2	19
15.3	23
15.4	21
15.5	20
15.6	21
15.7	21
15.8	22
15.9	22
16	22
16.1	20
16.2	21
16.3	22
16.4	20
16.5	22
16.6	22
16.7	23
16.8	20
16.9	20
17	22
17.1	23
17.2	20
17.3	23
17.4	20
17.5	23
17.6	22
17.7	19
17.8	23
17.9	22
18	21
18.1	20
18.2	21
18.3	24
18.4	23
18.5	20
18.6	22
18.7	21
18.8	22
18.9	22
19	22
19.1	21
19.2	22
19.3	21
19.4	19
19.5	23
19.6	20
19.7	23
19.8	22
19.9	20
20	24
20.1	22
20.2	23
20.3	25
20.4	21
20.5	19
20.6	21
20.7	23
20.8	22
20.9	24
21	22
21.1	21
21.2	20
21.3	20
21.4	23
21.5	20
21.6	22
21.7	25
21.8	22
21.9	19
22	21
22.1	21
22.2	21
22.3	18
22.4	22
22.5	23
22.6	21
22.7	22
22.8	23
22.9	24
23	24
23.1	21
23.2	22
23.3	25
23.4	22
23.5	21
23.6	24
23.7	22
23.8	22
23.9	20
24	22
24.1	25
24.2	25
24.3	23
24.4	22
24.5	21
24.6	20
24.7	24
24.8	21
24.9	24
25	23
25.1	22
25.2	20
25.3	21
25.4	21
25.5	23
25.6	20
25.7	21
25.8	21
25.9	21
26	21
26.1	20
26.2	22
26.3	19
26.4	25
26.5	18
26.6	20
26.7	21
26.8	25
26.9	22
27	20
27.1	21
27.2	24
27.3	22
27.4	22
27.5	22
27.6	23
27.7	20
27.8	23
27.9	22
28	24
28.1	24
28.2	23
28.3	21
28.4	22
28.5	22
28.6	21
28.7	23
28.8	24
28.9	24
29	20
29.1	19
29.2	23
29.3	21
29.4	20
29.5	22
29.6	21
29.7	22
29.8	20
29.9	20
30	20
30.1	22
30.2	21
30.3	22
30.4	21
30.5	23
30.6	22
30.7	21
30.8	20
30.9	23
31	26
31.1	21
31.2	22
31.3	21
31.4	22
31.5	24
31.6	21
31.7	20
31.8	22
31.9	22
32	21
32.1	25
32.2	27
32.3	22
32.4	23
32.5	23
32.6	21
32.7	24
32.8	22
32.9	25
33	22
33.1	26
33.2	18
33.3	27
33.4	19
33.5	25
33.6	17
33.7	21
33.8	26
33.9	24
34	17
34.1	20
34.2	24
34.3	26
34.4	22
34.5	19
34.6	21
34.7	23
34.8	24
34.9	19
35	24
35.1	24
35.2	19
35.3	21
35.4	21
35.5	20
35.6	23
35.7	21
35.8	25
35.9	23
36	21
36.1	26
36.2	20
36.3	20
36.4	23
36.5	21
36.6	23
36.7	26
36.8	20
36.9	22
37	21
37.1	20
37.2	21
37.3	22
37.4	22
37.5	21
37.6	21
37.7	22
37.8	24
37.9	21
38	25
38.1	22
38.2	21
38.3	25
38.4	24
38.5	21
38.6	26
38.7	20
38.8	25
38.9	21
39	23
39.1	22
39.2	23
39.3	20
39.4	23
39.5	23
39.6	20
39.7	25
39.8	22
39.9	25
40	23
40.1	21
40.2	21
40.3	22
40.4	25
40.5	21
40.6	20
40.7	26
40.8	22
40.9	27
41	23
41.1	24
41.2	23
41.3	24
41.4	22
41.5	22
41.6	20
41.7	20
41.8	22
41.9	23
42	22
42.1	25
42.2	24
42.3	23
42.4	22
42.5	22
42.6	24
42.7	26
42.8	28
42.9	19
43	21
43.1	24
43.2	21
43.3	22
43.4	21
43.5	29
43.6	25
43.7	24
43.8	23
43.9	23
44	20
44.1	22
44.2	25
44.3	20
44.4	26
44.5	24
44.6	23
44.7	24
44.8	27
44.9	22
45	26
45.1	27
45.2	21
45.3	26
45.4	25
45.5	24
45.6	23
45.7	30
45.8	27
45.9	24
46	27
46.1	24
46.2	22
46.3	23
46.4	23
46.5	21
46.6	18
46.7	23
46.8	27
46.9	23
47	31
47.1	22
47.2	18
47.3	23
47.4	20
47.5	24
47.6	26
47.7	23
47.8	20
47.9	20
48	20
48.1	22
48.2	23
48.3	22
48.4	20
48.5	17
48.6	20
48.7	22
48.8	25
48.9	19
49	21
49.1	22
49.2	26
49.3	24
49.4	26
49.5	23
49.6	21
49.7	21
49.8	20
49.9	22
50	25
50.1	25
50.2	20
50.3	23
50.4	23
50.5	22
50.6	22
50.7	24
50.8	26
50.9	20
51	25
51.1	24
51.2	24
51.3	25
51.4	20
51.5	26
51.6	22
51.7	23
51.8	23
51.9	26
52	21
52.1	21
52.2	21
52.3	25
52.4	20
52.5	20
52.6	17
52.7	23
52.8	24
52.9	24
53	22
53.1	28
53.2	23
53.3	25
53.4	22
53.5	19
53.6	24
53.7	24
53.8	21
53.9	24
54	23
54.1	22
54.2	19
54.3	23
54.4	24
54.5	22
54.6	24
54.7	22
54.8	25
54.9	18
55	28
55.1	20
55.2	23
55.3	22
55.4	26
55.5	20
55.6	25
55.7	25
55.8	21
55.9	21
56	24
56.1	24
56.2	24
56.3	24
56.4	23
56.5	25
56.6	22
56.7	25
56.8	26
56.9	28
57	27
57.1	26
57.2	22
57.3	21
57.4	20
57.5	22
57.6	25
57.7	20
57.8	24
57.9	25
58	30
58.1	23
58.2	22
58.3	22
58.4	23
58.5	22
58.6	22
58.7	28
58.8	23
58.9	20
59	22
59.1	22
59.2	24
59.3	26
59.4	26
59.5	22
59.6	18
59.7	25
59.8	26
59.9	26
60	27
60.1	25
60.2	23
60.3	25
60.4	22
60.5	20
60.6	17
60.7	21
60.8	25
60.9	21
61	22
61.1	24
61.2	21
61.3	22
61.4	24
61.5	22
61.6	24
61.7	24
61.8	24
61.9	26
62	24
62.1	23
62.2	21
62.3	19
62.4	21
62.5	21
62.6	22
62.7	21
62.8	24
62.9	25
63	25
63.1	20
63.2	24
63.3	27
63.4	21
63.5	22
63.6	23
63.7	19
63.8	25
63.9	22
64	26
64.1	24
64.2	20
64.3	23
64.4	15
64.5	20
64.6	25
64.7	22
64.8	24
64.9	22
65	22
65.1	16
65.2	22
65.3	23
65.4	23
65.5	20
65.6	21
65.7	22
65.8	21
65.9	24
66	21
66.1	23
66.2	23
66.3	21
66.4	25
66.5	20
66.6	25
66.7	24
66.8	22
66.9	24
67	23
67.1	25
67.2	24
67.3	21
67.4	23
67.5	20
67.6	25
67.7	25
67.8	24
67.9	22
68	22
68.1	22
68.2	24
68.3	25
68.4	23
68.5	24
68.6	21
68.7	24
68.8	26
68.9	21
69	21
69.1	21
69.2	22
69.3	21
69.4	21
69.5	23
69.6	27
69.7	24
69.8	20
69.9	26
70	27
70.1	21
70.2	22
70.3	22
70.4	23
70.5	24
70.6	23
70.7	21
70.8	23
70.9	23
71	20
71.1	21
71.2	22
71.3	20
71.4	22
71.5	20
71.6	22
71.7	21
71.8	22
71.9	24
72	21
72.1	23
72.2	23
72.3	22
72.4	19
72.5	22
72.6	22
72.7	24
72.8	22
72.9	25
73	19
73.1	23
73.2	20
73.3	23
73.4	21
73.5	23
73.6	23
73.7	19
73.8	20
73.9	22
74	23
74.1	23
74.2	24
74.3	22
74.4	22
74.5	26
74.6	21
74.7	23
74.8	21
74.9	19
75	25
75.1	20
75.2	23
75.3	25
75.4	22
75.5	16
75.6	21
75.7	22
75.8	23
75.9	20
76	18
76.1	25
76.2	24
76.3	21
76.4	23
76.5	23
76.6	23
76.7	25
76.8	19
76.9	18
77	23
77.1	21
77.2	22
77.3	22
77.4	24
77.5	23
77.6	19
77.7	22
77.8	22
77.9	20
78	23
78.1	22
78.2	22
78.3	23
78.4	22
78.5	21
78.6	26
78.7	22
78.8	25
78.9	22
79	24
79.1	19
79.2	26
79.3	22
79.4	21
79.5	20
79.6	25
79.7	20
79.8	24
79.9	23
80	22
80.1	22
80.2	20
80.3	21
80.4	19
80.5	21
80.6	23
80.7	21
80.8	20
80.9	22
81	23
81.1	23
81.2	23
81.3	22
81.4	22
81.5	22
81.6	20
81.7	22
81.8	23
81.9	21
82	19
82.1	23
82.2	21
82.3	24
82.4	19
82.5	21
82.6	23
82.7	22
82.8	21
82.9	22
83	19
83.1	23
83.2	21
83.3	22
83.4	20
83.5	24
83.6	22
83.7	20
83.8	22
83.9	21
84	21
84.1	18
84.2	23
84.3	24
84.4	23
84.5	19
84.6	19
84.7	22
84.8	22
84.9	22
85	21
85.1	20
85.2	20
85.3	21
85.4	21
85.5	23
85.6	21
85.7	22
85.8	20
85.9	22
86	22
86.1	21
86.2	19
86.3	21
86.4	20
86.5	22
86.6	21
86.7	24
86.8	21
86.9	24
87	20
87.1	23
87.2	22
87.3	20
87.4	23
87.5	20
87.6	20
87.7	25
87.8	21
87.9	22
88	21
88.1	22
88.2	24
88.3	21
88.4	23
88.5	21
88.6	22
88.7	22
88.8	21
88.9	23
89	22
89.1	19
89.2	20
89.3	23
89.4	22
89.5	20
89.6	22
89.7	26
89.8	24
89.9	22
90	22
90.1	0
90.2	0
90.3	0
90.4	0
90.5	0
90.6	0
90.7	0
90.8	0
90.9	0
91	0
91.1	0
91.2	0
91.3	0
91.4	0
91.5	0
91.6	0
91.7	0
91.8	0
91.9	0
92	0
92.1	0
92.2	0
92.3	0
92.4	0
92.5	0
92.6	0
92.7	0
92.8	0
92.9	0
93	0
93.1	0
93.2	0
93.3	0
93.4	0
93.5	0
93.6	0
93.7	0
93.8	0
93.9	0
94	0
94.1	0
94.2	0
94.3	0
94.4	0
94.5	0
94.6	0
94.7	0
94.8	0
94.9	0
95	0
95.1	0
95.2	0
95.3	0
95.4	0
95.5	0
95.6	0
95.7	0
95.8	0
95.9	0
96	0
96.1	0
96.2	0
96.3	0
96.4	0
96.5	0
96.6	0
96.7	0
96.8	0
96.9	0
97	0
97.1	0
97.2	0
97.3	0
97.4	0
97.5	0
97.6	0
97.7	0
97.8	0
97.9	0
98	0
98.1	0
98.2	0
98.3	0
98.4	0
98.5	0
98.6	0
98.7	0
98.8	0
98.9	0
99	0
99.1	0
99.2	0
99.3	0
99.4	0
99.5	0
99.6	0
99.7	0
99.8	0
99.9	0
