Time(s)	Flow ID	Throughput(Mbps)
0.1	1	951.104
0.2	1	951.818
0.3	1	951.913
0.4	1	951.924
0.5	1	951.916
0.6	1	951.928
0.7	1	951.974
0.8	1	951.911
0.9	1	951.938
1	1	951.955
1.1	1	952.019
1.2	1	951.897
1.3	1	951.927
1.4	1	952.001
1.5	1	951.938
1.6	1	951.892
1.7	1	951.968
1.8	1	951.989
1.9	1	951.875
2	1	951.984
2.1	1	951.958
2.2	1	951.931
2.3	1	951.953
2.4	1	952.008
2.5	1	951.885
2.6	1	952.034
2.7	1	951.914
2.8	1	951.977
2.9	1	951.955
3	1	951.931
3.1	1	951.957
3.2	1	951.93
3.3	1	951.965
3.4	1	951.902
3.5	1	951.988
3.6	1	951.951
3.7	1	951.92
3.8	1	952.026
3.9	1	951.897
4	1	951.988
4.1	1	951.873
4.2	1	952.024
4.3	1	951.985
4.4	1	951.935
4.5	1	951.937
4.6	1	951.945
4.7	1	951.953
4.8	1	951.949
4.9	1	951.983
5	1	951.924
5.1	1	951.938
5.2	1	951.935
5.3	1	951.971
5.4	1	951.985
5.5	1	951.953
5.6	1	951.965
5.7	1	951.905
5.8	1	952.008
5.9	1	951.878
6	1	951.937
6.1	1	951.985
6.2	1	951.957
6.3	1	952
6.4	1	951.974
6.5	1	951.918
6.6	1	951.971
6.7	1	951.952
6.8	1	951.964
6.9	1	951.889
7	1	951.957
7.1	1	951.959
7.2	1	951.97
7.3	1	951.905
7.4	1	951.976
7.5	1	951.877
7.6	1	952.001
7.7	1	951.956
7.8	1	952.003
7.9	1	951.944
8	1	951.96
8.1	1	951.968
8.2	1	951.884
8.3	1	951.946
8.4	1	951.971
8.5	1	951.93
8.6	1	951.962
8.7	1	951.971
8.8	1	951.933
8.9	1	951.942
9	1	951.957
9.1	1	951.988
9.2	1	951.942
9.3	1	951.966
9.4	1	951.895
9.5	1	951.985
9.6	1	951.938
9.7	1	951.963
9.8	1	952.007
9.9	1	951.868
10	1	952.006
10	3	0
10.1	1	705.046
10.1	3	247.278
10.2	1	582.467
10.2	3	369.873
10.3	1	549.889
10.3	3	402.489
10.4	1	543.137
10.4	3	409.355
10.5	1	516.815
10.5	3	435.562
10.6	1	492.554
10.6	3	459.824
10.7	1	463.486
10.7	3	488.892
10.8	1	494.27
10.8	3	458.221
10.9	1	507.774
10.9	3	444.603
11	1	499.306
11	3	453.072
11.1	1	465.088
11.1	3	487.289
11.2	1	452.156
11.2	3	500.221
11.3	1	435.448
11.3	3	517.044
11.4	1	449.409
11.4	3	502.968
11.5	1	449.753
11.5	3	502.625
11.6	1	490.837
11.6	3	461.54
11.7	1	483.513
11.7	3	468.979
11.8	1	472.069
11.8	3	480.309
11.9	1	440.941
11.9	3	511.436
12	1	449.638
12	3	502.739
12.1	1	462.112
12.1	3	490.379
12.2	1	452.614
12.2	3	499.763
12.3	1	450.554
12.3	3	501.823
12.4	1	478.363
12.4	3	474.014
12.5	1	451.813
12.5	3	500.679
12.6	1	425.377
12.6	3	527
12.7	1	489.349
12.7	3	463.028
12.8	1	500.565
12.8	3	451.813
12.9	1	482.483
12.9	3	470.009
13	1	483.17
13	3	469.208
13.1	1	439.224
13.1	3	513.153
13.2	1	460.167
13.2	3	492.21
13.3	1	458.908
13.3	3	493.469
13.4	1	447.464
13.4	3	505.028
13.5	1	481.453
13.5	3	470.924
13.6	1	471.039
13.6	3	481.339
13.7	1	448.38
13.7	3	503.998
13.8	1	475.388
13.8	3	477.104
13.9	1	514.069
13.9	3	438.309
14	1	477.448
14	3	474.93
14.1	1	460.968
14.1	3	491.409
14.2	1	436.02
14.2	3	516.472
14.3	1	456.276
14.3	3	496.101
14.4	1	470.352
14.4	3	482.025
14.5	1	462.57
14.5	3	489.807
14.6	1	463.486
14.6	3	489.006
14.7	1	463.486
14.7	3	488.892
14.8	1	458.45
14.8	3	493.927
14.9	1	466.461
14.9	3	485.916
15	1	483.513
15	3	468.979
15.1	1	438.423
15.1	3	513.954
15.2	1	433.617
15.2	3	518.761
15.3	1	446.663
15.3	3	505.714
15.4	1	421.944
15.4	3	530.434
15.5	1	428.123
15.5	3	524.368
15.6	1	448.494
15.6	3	503.883
15.7	1	478.02
15.7	3	474.358
15.8	1	471.611
15.8	3	480.766
15.9	1	507.545
15.9	3	444.946
16	1	497.932
16	3	454.445
16.1	1	491.409
16.1	3	460.968
16.2	1	455.246
16.2	3	497.131
16.3	1	437.965
16.3	3	514.526
16.4	1	428.696
16.4	3	523.682
16.5	1	466.576
16.5	3	485.802
16.6	1	444.832
16.6	3	507.545
16.7	1	484.772
16.7	3	467.72
16.8	1	490.723
16.8	3	461.655
16.9	1	467.949
16.9	3	484.428
17	1	474.586
17	3	477.791
17.1	1	497.932
17.1	3	454.445
17.2	1	502.625
17.2	3	449.867
17.3	1	522.652
17.3	3	429.726
17.4	1	519.676
17.4	3	432.701
17.5	1	518.646
17.5	3	433.731
17.6	1	538.559
17.6	3	413.933
17.7	1	485.115
17.7	3	467.262
17.8	1	475.044
17.8	3	477.333
17.9	1	448.151
17.9	3	504.227
18	1	428.467
18	3	524.025
18.1	1	436.707
18.1	3	515.671
18.2	1	458.45
18.2	3	493.927
18.3	1	493.927
18.3	3	458.45
18.4	1	490.036
18.4	3	462.456
18.5	1	488.319
18.5	3	464.058
18.6	1	471.153
18.6	3	481.224
18.7	1	466.232
18.7	3	486.145
18.8	1	472.183
18.8	3	480.309
18.9	1	436.249
18.9	3	516.129
19	1	434.303
19	3	518.074
19.1	1	465.889
19.1	3	486.488
19.2	1	438.766
19.2	3	513.611
19.3	1	425.949
19.3	3	526.543
19.4	1	469.093
19.4	3	483.284
19.5	1	472.984
19.5	3	479.393
19.6	1	463.715
19.6	3	488.663
19.7	1	482.483
19.7	3	470.009
19.8	1	450.668
19.8	3	501.709
19.9	1	435.905
19.9	3	516.472
20	1	455.36
20	3	497.017
20	5	0
20.1	1	436.02
20.1	3	432.129
20.1	5	84.3304
20.2	1	379.829
20.2	3	361.748
20.2	5	210.8
20.3	1	316.544
20.3	3	345.84
20.3	5	289.993
20.4	1	331.535
20.4	3	339.088
20.4	5	281.754
20.5	1	344.925
20.5	3	315.056
20.5	5	292.511
20.6	1	320.435
20.6	3	300.064
20.6	5	331.879
20.7	1	284.958
20.7	3	346.413
20.7	5	321.007
20.8	1	291.595
20.8	3	356.483
20.8	5	304.298
20.9	1	331.993
20.9	3	284.5
20.9	5	335.999
21	1	316.887
21	3	313.225
21	5	322.266
21.1	1	348.473
21.1	3	302.696
21.1	5	301.208
21.2	1	332.222
21.2	3	334.282
21.2	5	285.873
21.3	1	329.132
21.3	3	342.064
21.3	5	281.296
21.4	1	323.067
21.4	3	310.478
21.4	5	318.832
21.5	1	323.524
21.5	3	327.759
21.5	5	301.094
21.6	1	340.462
21.6	3	285.759
21.6	5	326.157
21.7	1	315.056
21.7	3	313.225
21.7	5	324.097
21.8	1	331.993
21.8	3	289.192
21.8	5	331.306
21.9	1	311.852
21.9	3	269.165
21.9	5	371.361
22	1	297.661
22	3	299.835
22	5	354.881
22.1	1	306.931
22.1	3	313.568
22.1	5	331.879
22.2	1	305.901
22.2	3	329.247
22.2	5	317.345
22.3	1	295.601
22.3	3	336.456
22.3	5	320.32
22.4	1	308.189
22.4	3	334.854
22.4	5	309.334
22.5	1	298.92
22.5	3	353.622
22.5	5	299.835
22.6	1	275.688
22.6	3	368.271
22.6	5	308.533
22.7	1	309.219
22.7	3	315.056
22.7	5	328.102
22.8	1	290.337
22.8	3	303.955
22.8	5	358.086
22.9	1	299.95
22.9	3	322.723
22.9	5	329.704
23	1	296.402
23	3	337.029
23	5	319.061
23.1	1	295.83
23.1	3	363.121
23.1	5	293.427
23.2	1	292.854
23.2	3	344.582
23.2	5	314.941
23.3	1	316.2
23.3	3	304.07
23.3	5	332.108
23.4	1	316.315
23.4	3	291.252
23.4	5	344.925
23.5	1	308.533
23.5	3	294.914
23.5	5	348.93
23.6	1	318.718
23.6	3	283.012
23.6	5	350.647
23.7	1	333.023
23.7	3	294.914
23.7	5	324.44
23.8	1	315.17
23.8	3	314.827
23.8	5	322.38
23.9	1	291.595
23.9	3	359.573
23.9	5	301.323
24	1	306.129
24	3	333.595
24	5	312.653
24.1	1	312.424
24.1	3	325.699
24.1	5	314.255
24.2	1	331.879
24.2	3	312.08
24.2	5	308.418
24.3	1	327.759
24.3	3	289.764
24.3	5	334.969
24.4	1	318.489
24.4	3	281.982
24.4	5	351.906
24.5	1	291.939
24.5	3	311.623
24.5	5	348.816
24.6	1	286.674
24.6	3	327.644
24.6	5	338.058
24.7	1	281.982
24.7	3	333.824
24.7	5	336.685
24.8	1	306.587
24.8	3	333.595
24.8	5	312.195
24.9	1	300.751
24.9	3	316.772
24.9	5	334.854
25	1	283.928
25	3	335.083
25	5	333.366
25.1	1	284.042
25.1	3	350.761
25.1	5	317.688
25.2	1	300.522
25.2	3	325.241
25.2	5	326.614
25.3	1	307.388
25.3	3	339.088
25.3	5	305.901
25.4	1	316.544
25.4	3	291.252
25.4	5	344.582
25.5	1	319.405
25.5	3	258.408
25.5	5	374.565
25.6	1	323.753
25.6	3	288.162
25.6	5	340.576
25.7	1	341.148
25.7	3	300.407
25.7	5	310.822
25.8	1	367.012
25.8	3	308.99
25.8	5	276.375
25.9	1	359.802
25.9	3	317.802
25.9	5	274.773
26	1	358.543
26	3	307.274
26	5	286.674
26.1	1	334.282
26.1	3	304.642
26.1	5	313.454
26.2	1	328.56
26.2	3	305.901
26.2	5	317.917
26.3	1	298.233
26.3	3	328.56
26.3	5	325.584
26.4	1	310.364
26.4	3	302.925
26.4	5	339.203
26.5	1	315.628
26.5	3	296.745
26.5	5	340.004
26.6	1	302.238
26.6	3	320.435
26.6	5	329.704
26.7	1	296.288
26.7	3	305.786
26.7	5	350.304
26.8	1	313.568
26.8	3	306.816
26.8	5	332.108
26.9	1	322.495
26.9	3	320.778
26.9	5	309.105
27	1	306.244
27	3	320.663
27	5	325.47
27.1	1	375.595
27.1	3	265.732
27.1	5	311.05
27.2	1	369.987
27.2	3	282.097
27.2	5	300.407
27.3	1	310.593
27.3	3	335.197
27.3	5	306.587
27.4	1	301.552
27.4	3	306.129
27.4	5	344.696
27.5	1	324.211
27.5	3	273.857
27.5	5	354.309
27.6	1	312.881
27.6	3	297.203
27.6	5	342.293
27.7	1	292.397
27.7	3	324.783
27.7	5	335.312
27.8	1	283.585
27.8	3	337.601
27.8	5	331.192
27.9	1	311.852
27.9	3	312.996
27.9	5	327.53
28	1	325.584
28	3	280.38
28	5	346.413
28.1	1	305.099
28.1	3	278.091
28.1	5	369.301
28.2	1	343.323
28.2	3	275.345
28.2	5	333.71
28.3	1	320.663
28.3	3	292.74
28.3	5	338.974
28.4	1	308.762
28.4	3	312.653
28.4	5	330.963
28.5	1	298.462
28.5	3	338.402
28.5	5	315.628
28.6	1	302.582
28.6	3	337.944
28.6	5	311.852
28.7	1	303.154
28.7	3	318.489
28.7	5	330.734
28.8	1	295.715
28.8	3	321.007
28.8	5	335.655
28.9	1	323.982
28.9	3	328.903
28.9	5	299.606
29	1	304.756
29	3	355.911
29	5	291.71
29.1	1	300.751
29.1	3	338.631
29.1	5	312.996
29.2	1	326.385
29.2	3	329.247
29.2	5	296.745
29.3	1	325.356
29.3	3	306.587
29.3	5	320.549
29.4	1	358.2
29.4	3	299.492
29.4	5	294.685
29.5	1	368.385
29.5	3	320.32
29.5	5	263.672
29.6	1	349.274
29.6	3	324.44
29.6	5	278.664
29.7	1	312.996
29.7	3	344.238
29.7	5	295.143
29.8	1	301.094
29.8	3	361.633
29.8	5	289.764
29.9	1	282.211
29.9	3	327.187
29.9	5	342.979
30	1	295.372
30	3	317.116
30	5	339.89
30	7	0
30.1	1	253.487
30.1	3	287.59
30.1	5	319.519
30.1	7	91.7691
30.2	1	243.53
30.2	3	260.696
30.2	5	247.993
30.2	7	200.272
30.3	1	255.432
30.3	3	242.615
30.3	5	203.476
30.3	7	250.854
30.4	1	252.342
30.4	3	236.206
30.4	5	248.222
30.4	7	215.607
30.5	1	269.508
30.5	3	246.964
30.5	5	190.086
30.5	7	245.819
30.6	1	245.018
30.6	3	246.735
30.6	5	191.116
30.6	7	269.623
30.7	1	221.443
30.7	3	238.838
30.7	5	192.146
30.7	7	299.95
30.8	1	230.484
30.8	3	246.62
30.8	5	211.143
30.8	7	264.13
30.9	1	238.495
30.9	3	230.942
30.9	5	235.748
30.9	7	247.192
31	1	226.25
31	3	228.195
31	5	240.898
31	7	257.149
31.1	1	229.912
31.1	3	230.141
31.1	5	250.969
31.1	7	241.356
31.2	1	227.165
31.2	3	253.143
31.2	5	232.315
31.2	7	239.754
31.3	1	200.386
31.3	3	249.939
31.3	5	250.511
31.3	7	251.541
31.4	1	215.378
31.4	3	236.435
31.4	5	265.045
31.4	7	235.634
31.5	1	252.571
31.5	3	257.149
31.5	5	227.394
31.5	7	215.263
31.6	1	245.476
31.6	3	255.89
31.6	5	246.849
31.6	7	204.163
31.7	1	271.912
31.7	3	237.579
31.7	5	224.533
31.7	7	218.353
31.8	1	263.443
31.8	3	228.882
31.8	5	245.59
31.8	7	214.577
31.9	1	249.252
31.9	3	262.413
31.9	5	206.909
31.9	7	233.803
32	1	281.868
32	3	247.192
32	5	204.163
32	7	219.154
32.1	1	261.726
32.1	3	242.157
32.1	5	220.299
32.1	7	228.195
32.2	1	260.811
32.2	3	218.239
32.2	5	207.024
32.2	7	266.304
32.3	1	265.617
32.3	3	218.468
32.3	5	221.558
32.3	7	246.849
32.4	1	243.416
32.4	3	244.56
32.4	5	212.517
32.4	7	251.884
32.5	1	228.424
32.5	3	262.642
32.5	5	218.124
32.5	7	243.187
32.6	1	217.209
32.6	3	282.898
32.6	5	216.293
32.6	7	235.977
32.7	1	227.509
32.7	3	275.803
32.7	5	215.721
32.7	7	233.459
32.8	1	230.827
32.8	3	267.22
32.8	5	221.1
32.8	7	233.231
32.9	1	228.081
32.9	3	261.383
32.9	5	229.683
32.9	7	233.231
33	1	251.198
33	3	256.462
33	5	234.604
33	7	210.114
33.1	1	246.735
33.1	3	231.171
33.1	5	237.808
33.1	7	236.778
33.2	1	231.514
33.2	3	244.446
33.2	5	249.138
33.2	7	227.28
33.3	1	216.98
33.3	3	257.721
33.3	5	227.737
33.3	7	249.939
33.4	1	230.598
33.4	3	264.015
33.4	5	205.879
33.4	7	251.884
33.5	1	240.784
33.5	3	229.34
33.5	5	239.182
33.5	7	243.187
33.6	1	231.514
33.6	3	210.915
33.6	5	245.705
33.6	7	264.244
33.7	1	247.078
33.7	3	236.32
33.7	5	215.378
33.7	7	253.601
33.8	1	255.775
33.8	3	226.135
33.8	5	206.795
33.8	7	263.672
33.9	1	255.432
33.9	3	236.435
33.9	5	226.707
33.9	7	233.917
34	1	231.4
34	3	234.375
34	5	249.596
34	7	237.007
34.1	1	244.102
34.1	3	241.699
34.1	5	223.045
34.1	7	243.53
34.2	1	257.607
34.2	3	234.604
34.2	5	234.146
34.2	7	226.021
34.3	1	190.43
34.3	3	251.999
34.3	5	268.135
34.3	7	241.814
34.4	1	225.105
34.4	3	232.887
34.4	5	272.598
34.4	7	221.901
34.5	1	209.198
34.5	3	219.04
34.5	5	256.691
34.5	7	267.448
34.6	1	220.985
34.6	3	236.549
34.6	5	239.296
34.6	7	255.547
34.7	1	263.214
34.7	3	221.329
34.7	5	252.8
34.7	7	215.034
34.8	1	230.713
34.8	3	247.307
34.8	5	260.811
34.8	7	213.661
34.9	1	231.514
34.9	3	258.751
34.9	5	248.566
34.9	7	213.547
35	1	257.721
35	3	237.694
35	5	237.007
35	7	219.955
35.1	1	265.274
35.1	3	274.658
35.1	5	212.517
35.1	7	199.928
35.2	1	250.854
35.2	3	266.762
35.2	5	240.784
35.2	7	194.092
35.3	1	237.122
35.3	3	278.549
35.3	5	233.345
35.3	7	203.362
35.4	1	250.282
35.4	3	240.898
35.4	5	248.566
35.4	7	212.631
35.5	1	249.596
35.5	3	241.127
35.5	5	243.53
35.5	7	218.124
35.6	1	236.778
35.6	3	238.724
35.6	5	253.716
35.6	7	223.274
35.7	1	241.241
35.7	3	229.111
35.7	5	247.765
35.7	7	234.261
35.8	1	249.481
35.8	3	247.307
35.8	5	227.394
35.8	7	228.195
35.9	1	233.002
35.9	3	264.702
35.9	5	222.244
35.9	7	232.43
36	1	216.293
36	3	275.23
36	5	222.244
36	7	238.609
36.1	1	220.871
36.1	3	254.402
36.1	5	222.588
36.1	7	254.631
36.2	1	224.419
36.2	3	226.593
36.2	5	245.934
36.2	7	255.432
36.3	1	228.081
36.3	3	220.413
36.3	5	270.996
36.3	7	232.887
36.4	1	278.435
36.4	3	191.917
36.4	5	277.977
36.4	7	204.048
36.5	1	282.669
36.5	3	189.056
36.5	5	270.767
36.5	7	209.999
36.6	1	273.056
36.6	3	217.209
36.6	5	245.705
36.6	7	216.408
36.7	1	268.364
36.7	3	230.255
36.7	5	238.724
36.7	7	215.034
36.8	1	237.122
36.8	3	248.795
36.8	5	236.893
36.8	7	229.568
36.9	1	246.277
36.9	3	232.773
36.9	5	265.846
36.9	7	207.596
37	1	247.765
37	3	218.468
37	5	260.696
37	7	225.449
37.1	1	250.74
37.1	3	237.694
37.1	5	245.705
37.1	7	218.239
37.2	1	213.661
37.2	3	245.934
37.2	5	249.939
37.2	7	242.844
37.3	1	205.193
37.3	3	253.372
37.3	5	261.497
37.3	7	232.43
37.4	1	230.598
37.4	3	275.116
37.4	5	230.255
37.4	7	216.408
37.5	1	260.811
37.5	3	248.909
37.5	5	222.13
37.5	7	220.528
37.6	1	254.402
37.6	3	256.92
37.6	5	239.754
37.6	7	201.302
37.7	1	261.841
37.7	3	238.609
37.7	5	234.604
37.7	7	217.438
37.8	1	236.549
37.8	3	255.432
37.8	5	254.745
37.8	7	205.65
37.9	1	207.481
37.9	3	280.266
37.9	5	264.244
37.9	7	200.386
38	1	206.223
38	3	309.448
38	5	198.669
38	7	238.037
38.1	1	225.449
38.1	3	245.819
38.1	5	213.432
38.1	7	267.677
38.2	1	256.348
38.2	3	224.991
38.2	5	205.879
38.2	7	265.274
38.3	1	236.435
38.3	3	214.92
38.3	5	243.874
38.3	7	257.149
38.4	1	239.296
38.4	3	214.119
38.4	5	234.947
38.4	7	264.015
38.5	1	232.887
38.5	3	233.116
38.5	5	222.473
38.5	7	263.901
38.6	1	255.661
38.6	3	237.007
38.6	5	233.574
38.6	7	226.25
38.7	1	234.146
38.7	3	246.849
38.7	5	230.37
38.7	7	241.013
38.8	1	230.37
38.8	3	253.601
38.8	5	227.165
38.8	7	241.241
38.9	1	235.519
38.9	3	230.484
38.9	5	236.435
38.9	7	249.939
39	1	214.92
39	3	233.002
39	5	250.168
39	7	254.402
39.1	1	212.059
39.1	3	274.887
39.1	5	236.092
39.1	7	229.34
39.2	1	226.135
39.2	3	240.669
39.2	5	243.187
39.2	7	242.386
39.3	1	214.462
39.3	3	270.309
39.3	5	237.465
39.3	7	230.141
39.4	1	216.293
39.4	3	249.596
39.4	5	230.026
39.4	7	256.577
39.5	1	225.677
39.5	3	279.579
39.5	5	226.135
39.5	7	220.985
39.6	1	236.206
39.6	3	266.19
39.6	5	254.974
39.6	7	195.007
39.7	1	246.162
39.7	3	249.481
39.7	5	235.748
39.7	7	220.985
39.8	1	231.285
39.8	3	249.71
39.8	5	234.375
39.8	7	237.007
39.9	1	201.187
39.9	3	261.726
39.9	5	229.683
39.9	7	259.895
40	1	247.65
40	3	279.007
40	5	189.285
40	7	236.435
40	9	0
40.1	1	204.964
40.1	3	234.718
40.1	5	217.323
40.1	7	218.01
40.1	9	77.3495
40.2	1	197.182
40.2	3	194.092
40.2	5	215.721
40.2	7	166.054
40.2	9	179.443
40.3	1	141.449
40.3	3	211.83
40.3	5	218.124
40.3	7	194.206
40.3	9	186.768
40.4	1	177.155
40.4	3	193.977
40.4	5	177.841
40.4	7	197.754
40.4	9	205.65
40.5	1	198.555
40.5	3	179.901
40.5	5	199.585
40.5	7	170.86
40.5	9	203.476
40.6	1	208.282
40.6	3	167.656
40.6	5	182.19
40.6	7	193.52
40.6	9	200.729
40.7	1	217.209
40.7	3	188.599
40.7	5	167.313
40.7	7	210.342
40.7	9	169.029
40.8	1	199.013
40.8	3	198.212
40.8	5	180.244
40.8	7	181.618
40.8	9	193.291
40.9	1	189.972
40.9	3	200.844
40.9	5	198.555
40.9	7	177.155
40.9	9	185.852
41	1	215.378
41	3	199.242
41	5	205.765
41	7	173.607
41	9	158.386
41.1	1	213.089
41.1	3	211.716
41.1	5	177.841
41.1	7	193.977
41.1	9	155.869
41.2	1	196.152
41.2	3	215.95
41.2	5	195.808
41.2	7	158.157
41.2	9	186.31
41.3	1	190.773
41.3	3	171.661
41.3	5	181.274
41.3	7	184.135
41.3	9	224.533
41.4	1	205.536
41.4	3	159.988
41.4	5	188.713
41.4	7	189.171
41.4	9	208.969
41.5	1	195.351
41.5	3	174.866
41.5	5	213.089
41.5	7	201.302
41.5	9	167.885
41.6	1	211.143
41.6	3	190.43
41.6	5	198.097
41.6	7	191.116
41.6	9	161.591
41.7	1	169.144
41.7	3	182.648
41.7	5	179.901
41.7	7	214.005
41.7	9	206.68
41.8	1	182.076
41.8	3	174.98
41.8	5	172.577
41.8	7	224.991
41.8	9	197.754
41.9	1	197.639
41.9	3	186.31
41.9	5	175.323
41.9	7	204.163
41.9	9	189.056
42	1	186.882
42	3	200.157
42	5	179.672
42	7	190.315
42	9	195.351
42.1	1	202.332
42.1	3	179.901
42.1	5	201.988
42.1	7	180.817
42.1	9	187.34
42.2	1	189.171
42.2	3	169.716
42.2	5	187.912
42.2	7	219.612
42.2	9	185.966
42.3	1	159.187
42.3	3	210.915
42.3	5	185.738
42.3	7	197.182
42.3	9	199.471
42.4	1	155.182
42.4	3	231.056
42.4	5	189.056
42.4	7	192.947
42.4	9	184.135
42.5	1	166.855
42.5	3	210.228
42.5	5	205.65
42.5	7	187.912
42.5	9	181.732
42.6	1	183.22
42.6	3	194.206
42.6	5	192.375
42.6	7	199.013
42.6	9	183.563
42.7	1	184.479
42.7	3	186.424
42.7	5	217.094
42.7	7	195.465
42.7	9	168.915
42.8	1	207.596
42.8	3	190.43
42.8	5	230.37
42.8	7	171.204
42.8	9	152.893
42.9	1	190.659
42.9	3	178.413
42.9	5	207.367
42.9	7	184.708
42.9	9	191.231
43	1	183.449
43	3	164.223
43	5	205.078
43	7	203.247
43	9	196.381
43.1	1	173.035
43.1	3	170.746
43.1	5	191.46
43.1	7	200.729
43.1	9	216.408
43.2	1	156.097
43.2	3	158.157
43.2	5	184.479
43.2	7	230.026
43.2	9	223.732
43.3	1	173.607
43.3	3	168.8
43.3	5	180.016
43.3	7	207.253
43.3	9	222.702
43.4	1	165.825
43.4	3	191.002
43.4	5	197.182
43.4	7	185.28
43.4	9	213.089
43.5	1	163.651
43.5	3	218.239
43.5	5	198.097
43.5	7	181.16
43.5	9	191.231
43.6	1	171.318
43.6	3	210.457
43.6	5	170.86
43.6	7	173.607
43.6	9	226.25
43.7	1	200.615
43.7	3	190.43
43.7	5	168.686
43.7	7	169.83
43.7	9	222.816
43.8	1	158.501
43.8	3	201.302
43.8	5	181.618
43.8	7	200.043
43.8	9	210.915
43.9	1	145.454
43.9	3	206.451
43.9	5	193.291
43.9	7	195.465
43.9	9	211.716
44	1	171.547
44	3	196.266
44	5	192.032
44	7	194.321
44	9	198.326
44.1	1	186.081
44.1	3	188.599
44.1	5	182.762
44.1	7	208.511
44.1	9	186.424
44.2	1	216.751
44.2	3	177.612
44.2	5	185.623
44.2	7	186.768
44.2	9	185.623
44.3	1	209.427
44.3	3	171.776
44.3	5	167.198
44.3	7	205.765
44.3	9	198.212
44.4	1	203.705
44.4	3	174.751
44.4	5	174.179
44.4	7	205.307
44.4	9	194.435
44.5	1	193.291
44.5	3	192.833
44.5	5	163.422
44.5	7	192.49
44.5	9	210.457
44.6	1	176.468
44.6	3	177.841
44.6	5	210.342
44.6	7	178.413
44.6	9	209.312
44.7	1	167.198
44.7	3	196.953
44.7	5	193.291
44.7	7	197.182
44.7	9	197.754
44.8	1	167.656
44.8	3	173.149
44.8	5	177.04
44.8	7	230.942
44.8	9	203.59
44.9	1	179.443
44.9	3	176.582
44.9	5	192.49
44.9	7	217.781
44.9	9	186.195
45	1	199.471
45	3	193.176
45	5	223.389
45	7	173.607
45	9	162.735
45.1	1	197.411
45.1	3	186.31
45.1	5	219.612
45.1	7	185.165
45.1	9	163.879
45.2	1	204.849
45.2	3	164.223
45.2	5	165.024
45.2	7	202.789
45.2	9	215.492
45.3	1	186.31
45.3	3	166.74
45.3	5	174.98
45.3	7	224.533
45.3	9	199.928
45.4	1	176.01
45.4	3	166.168
45.4	5	173.95
45.4	7	247.078
45.4	9	189.171
45.5	1	180.931
45.5	3	177.612
45.5	5	187.798
45.5	7	210.114
45.5	9	195.923
45.6	1	195.58
45.6	3	192.032
45.6	5	202.332
45.6	7	165.367
45.6	9	197.067
45.7	1	182.304
45.7	3	188.484
45.7	5	227.394
45.7	7	164.68
45.7	9	189.629
45.8	1	200.615
45.8	3	182.076
45.8	5	212.173
45.8	7	163.651
45.8	9	193.863
45.9	1	183.334
45.9	3	186.653
45.9	5	189.171
45.9	7	200.272
45.9	9	192.947
46	1	201.874
46	3	186.768
46	5	179.1
46	7	187.454
46	9	197.182
46.1	1	207.367
46.1	3	181.618
46.1	5	177.383
46.1	7	193.176
46.1	9	192.947
46.2	1	208.855
46.2	3	189.857
46.2	5	198.212
46.2	7	187.569
46.2	9	167.885
46.3	1	209.198
46.3	3	201.645
46.3	5	206.223
46.3	7	152.55
46.3	9	182.762
46.4	1	205.765
46.4	3	177.383
46.4	5	194.55
46.4	7	196.609
46.4	9	178.07
46.5	1	179.329
46.5	3	190.201
46.5	5	186.768
46.5	7	216.98
46.5	9	179.1
46.6	1	170.86
46.6	3	188.141
46.6	5	185.051
46.6	7	234.947
46.6	9	173.492
46.7	1	182.648
46.7	3	180.931
46.7	5	208.626
46.7	7	209.656
46.7	9	170.517
46.8	1	189.857
46.8	3	192.719
46.8	5	211.601
46.8	7	170.288
46.8	9	187.912
46.9	1	207.825
46.9	3	182.076
46.9	5	219.269
46.9	7	184.25
46.9	9	158.958
47	1	171.089
47	3	182.533
47	5	190.544
47	7	205.765
47	9	202.56
47.1	1	181.847
47.1	3	191.002
47.1	5	181.046
47.1	7	220.184
47.1	9	178.299
47.2	1	182.991
47.2	3	183.792
47.2	5	183.563
47.2	7	214.348
47.2	9	187.683
47.3	1	162.964
47.3	3	174.294
47.3	5	215.95
47.3	7	222.13
47.3	9	177.04
47.4	1	199.242
47.4	3	179.443
47.4	5	185.394
47.4	7	201.874
47.4	9	186.539
47.5	1	212.631
47.5	3	191.345
47.5	5	169.029
47.5	7	219.154
47.5	9	160.217
47.6	1	183.449
47.6	3	217.323
47.6	5	161.476
47.6	7	217.896
47.6	9	172.234
47.7	1	167.656
47.7	3	215.836
47.7	5	176.125
47.7	7	217.438
47.7	9	175.323
47.8	1	185.165
47.8	3	192.261
47.8	5	147.743
47.8	7	210.571
47.8	9	216.751
47.9	1	177.612
47.9	3	180.588
47.9	5	165.482
47.9	7	218.353
47.9	9	210.342
48	1	183.678
48	3	177.727
48	5	191.002
48	7	189.171
48	9	210.8
48.1	1	195.923
48.1	3	188.599
48.1	5	178.413
48.1	7	180.817
48.1	9	208.626
48.2	1	193.291
48.2	3	218.353
48.2	5	175.438
48.2	7	180.702
48.2	9	184.593
48.3	1	152.893
48.3	3	208.168
48.3	5	190.659
48.3	7	209.999
48.3	9	190.773
48.4	1	185.623
48.4	3	181.503
48.4	5	209.885
48.4	7	198.669
48.4	9	176.697
48.5	1	198.669
48.5	3	205.078
48.5	5	153.122
48.5	7	188.255
48.5	9	207.253
48.6	1	191.46
48.6	3	229.683
48.6	5	154.61
48.6	7	164.337
48.6	9	212.288
48.7	1	168.915
48.7	3	243.645
48.7	5	147.514
48.7	7	183.334
48.7	9	209.084
48.8	1	186.424
48.8	3	205.536
48.8	5	176.125
48.8	7	197.639
48.8	9	186.653
48.9	1	197.296
48.9	3	186.31
48.9	5	236.32
48.9	7	170.288
48.9	9	162.163
49	1	201.988
49	3	193.863
49	5	201.874
49	7	167.313
49	9	187.34
49.1	1	189.285
49.1	3	208.282
49.1	5	192.604
49.1	7	165.71
49.1	9	196.609
49.2	1	210.8
49.2	3	209.77
49.2	5	147.858
49.2	7	167.999
49.2	9	215.95
49.3	1	201.645
49.3	3	200.844
49.3	5	146.713
49.3	7	208.511
49.3	9	194.664
49.4	1	199.242
49.4	3	174.751
49.4	5	177.498
49.4	7	169.487
49.4	9	231.4
49.5	1	207.71
49.5	3	183.334
49.5	5	178.986
49.5	7	164.566
49.5	9	217.896
49.6	1	204.048
49.6	3	172.92
49.6	5	182.076
49.6	7	183.907
49.6	9	209.427
49.7	1	193.405
49.7	3	164.337
49.7	5	181.847
49.7	7	220.528
49.7	9	192.261
49.8	1	193.634
49.8	3	191.917
49.8	5	178.413
49.8	7	221.786
49.8	9	166.626
49.9	1	203.133
49.9	3	190.887
49.9	5	181.16
49.9	7	205.536
49.9	9	171.776
50	1	178.528
50	3	188.828
50	5	205.765
50	7	191.46
50	9	187.798
50.1	1	197.754
50.1	3	187.569
50.1	5	167.542
50.1	7	223.16
50.1	9	176.353
50.2	1	191.689
50.2	3	178.757
50.2	5	163.765
50.2	7	227.737
50.2	9	190.43
50.3	1	178.528
50.3	3	187.34
50.3	5	176.125
50.3	7	193.062
50.3	9	217.323
50.4	1	193.863
50.4	3	186.882
50.4	5	211.372
50.4	7	172.234
50.4	9	188.141
50.5	1	175.781
50.5	3	190.887
50.5	5	201.759
50.5	7	181.274
50.5	9	202.675
50.6	1	218.468
50.6	3	160.103
50.6	5	189.972
50.6	7	190.544
50.6	9	193.291
50.7	1	196.037
50.7	3	193.52
50.7	5	209.312
50.7	7	153.008
50.7	9	200.5
50.8	1	198.555
50.8	3	177.269
50.8	5	204.277
50.8	7	169.945
50.8	9	202.446
50.9	1	228.195
50.9	3	153.923
50.9	5	197.639
50.9	7	177.841
50.9	9	194.778
51	1	206.68
51	3	196.724
51	5	195.351
51	7	174.294
51	9	179.329
51.1	1	163.879
51.1	3	195.236
51.1	5	212.517
51.1	7	180.473
51.1	9	200.272
51.2	1	175.896
51.2	3	179.329
51.2	5	210.342
51.2	7	188.942
51.2	9	197.983
51.3	1	186.31
51.3	3	157.242
51.3	5	184.708
51.3	7	202.332
51.3	9	221.786
51.4	1	193.863
51.4	3	184.135
51.4	5	181.046
51.4	7	187.683
51.4	9	205.65
51.5	1	189.743
51.5	3	200.5
51.5	5	179.329
51.5	7	201.302
51.5	9	181.503
51.6	1	171.547
51.6	3	192.261
51.6	5	195.351
51.6	7	194.321
51.6	9	199.013
51.7	1	184.708
51.7	3	204.735
51.7	5	193.52
51.7	7	197.639
51.7	9	171.776
51.8	1	166.969
51.8	3	209.198
51.8	5	190.887
51.8	7	192.604
51.8	9	192.719
51.9	1	198.326
51.9	3	172.234
51.9	5	157.585
51.9	7	201.759
51.9	9	222.473
52	1	182.762
52	3	177.269
52	5	180.817
52	7	199.928
52	9	211.716
52.1	1	141.449
52.1	3	216.293
52.1	5	203.476
52.1	7	205.765
52.1	9	185.394
52.2	1	146.37
52.2	3	198.555
52.2	5	194.206
52.2	7	211.487
52.2	9	201.759
52.3	1	168.686
52.3	3	192.604
52.3	5	204.391
52.3	7	199.242
52.3	9	187.454
52.4	1	196.381
52.4	3	175.323
52.4	5	214.691
52.4	7	186.996
52.4	9	178.986
52.5	1	202.789
52.5	3	203.705
52.5	5	189.056
52.5	7	182.076
52.5	9	174.866
52.6	1	209.198
52.6	3	168.228
52.6	5	179.1
52.6	7	208.397
52.6	9	187.454
52.7	1	184.937
52.7	3	176.697
52.7	5	172.577
52.7	7	223.045
52.7	9	195.122
52.8	1	188.484
52.8	3	196.495
52.8	5	174.065
52.8	7	225.105
52.8	9	168.228
52.9	1	190.201
52.9	3	189.857
52.9	5	203.362
52.9	7	199.356
52.9	9	169.716
53	1	208.855
53	3	176.468
53	5	209.885
53	7	141.106
53	9	216.064
53.1	1	208.054
53.1	3	179.787
53.1	5	199.585
53.1	7	170.631
53.1	9	194.321
53.2	1	177.727
53.2	3	202.217
53.2	5	202.332
53.2	7	199.127
53.2	9	170.975
53.3	1	168.114
53.3	3	206.795
53.3	5	184.25
53.3	7	190.315
53.3	9	203.018
53.4	1	194.092
53.4	3	185.852
53.4	5	178.07
53.4	7	198.097
53.4	9	196.266
53.5	1	204.849
53.5	3	182.648
53.5	5	178.871
53.5	7	184.021
53.5	9	201.988
53.6	1	246.162
53.6	3	165.138
53.6	5	167.542
53.6	7	190.659
53.6	9	182.877
53.7	1	221.672
53.7	3	158.386
53.7	5	200.729
53.7	7	206.337
53.7	9	165.367
53.8	1	205.879
53.8	3	159.874
53.8	5	190.773
53.8	7	202.217
53.8	9	193.634
53.9	1	187.225
53.9	3	181.732
53.9	5	176.926
53.9	7	229.34
53.9	9	177.155
54	1	182.419
54	3	229.225
54	5	204.277
54	7	181.046
54	9	155.411
54.1	1	189.4
54.1	3	232.773
54.1	5	174.751
54.1	7	198.326
54.1	9	157.127
54.2	1	177.04
54.2	3	220.528
54.2	5	217.323
54.2	7	191.002
54.2	9	146.599
54.3	1	162.964
54.3	3	200.615
54.3	5	235.634
54.3	7	195.694
54.3	9	157.471
54.4	1	173.95
54.4	3	192.261
54.4	5	213.776
54.4	7	177.269
54.4	9	195.122
54.5	1	173.492
54.5	3	198.097
54.5	5	207.825
54.5	7	188.599
54.5	9	184.364
54.6	1	166.168
54.6	3	231.4
54.6	5	212.975
54.6	7	178.185
54.6	9	163.765
54.7	1	188.484
54.7	3	215.492
54.7	5	219.269
54.7	7	172.92
54.7	9	156.212
54.8	1	157.814
54.8	3	220.184
54.8	5	200.958
54.8	7	177.956
54.8	9	195.465
54.9	1	178.986
54.9	3	182.304
54.9	5	196.266
54.9	7	181.046
54.9	9	213.776
55	1	174.751
55	3	199.471
55	5	186.195
55	7	199.471
55	9	192.604
55.1	1	194.893
55.1	3	202.675
55.1	5	182.648
55.1	7	186.996
55.1	9	185.165
55.2	1	218.697
55.2	3	204.048
55.2	5	155.983
55.2	7	191.345
55.2	9	182.304
55.3	1	175.896
55.3	3	207.024
55.3	5	192.375
55.3	7	168.228
55.3	9	208.855
55.4	1	178.757
55.4	3	221.558
55.4	5	158.157
55.4	7	174.866
55.4	9	219.154
55.5	1	206.68
55.5	3	205.994
55.5	5	181.389
55.5	7	180.359
55.5	9	177.956
55.6	1	201.759
55.6	3	165.71
55.6	5	191.116
55.6	7	201.988
55.6	9	191.803
55.7	1	185.051
55.7	3	171.432
55.7	5	215.034
55.7	7	199.242
55.7	9	181.618
55.8	1	194.092
55.8	3	174.179
55.8	5	221.786
55.8	7	202.446
55.8	9	159.988
55.9	1	208.511
55.9	3	170.517
55.9	5	200.729
55.9	7	206.795
55.9	9	165.825
56	1	193.062
56	3	175.667
56	5	200.5
56	7	201.073
56	9	182.076
56.1	1	202.675
56.1	3	181.274
56.1	5	192.719
56.1	7	203.476
56.1	9	172.234
56.2	1	209.656
56.2	3	191.231
56.2	5	185.738
56.2	7	188.942
56.2	9	176.811
56.3	1	194.206
56.3	3	174.179
56.3	5	188.026
56.3	7	188.484
56.3	9	207.596
56.4	1	180.13
56.4	3	185.28
56.4	5	208.397
56.4	7	166.969
56.4	9	211.601
56.5	1	169.716
56.5	3	207.71
56.5	5	207.253
56.5	7	156.441
56.5	9	211.258
56.6	1	185.28
56.6	3	197.983
56.6	5	177.956
56.6	7	177.269
56.6	9	213.89
56.7	1	173.378
56.7	3	186.996
56.7	5	209.084
56.7	7	167.084
56.7	9	215.95
56.8	1	186.882
56.8	3	178.528
56.8	5	192.833
56.8	7	187.569
56.8	9	206.566
56.9	1	226.25
56.9	3	181.389
56.9	5	195.122
56.9	7	169.258
56.9	9	180.359
57	1	209.084
57	3	176.582
57	5	202.904
57	7	189.972
57	9	173.836
57.1	1	185.966
57.1	3	187.912
57.1	5	212.517
57.1	7	183.678
57.1	9	182.419
57.2	1	189.285
57.2	3	221.1
57.2	5	201.645
57.2	7	159.531
57.2	9	180.817
57.3	1	185.165
57.3	3	202.56
57.3	5	199.585
57.3	7	178.07
57.3	9	186.996
57.4	1	167.427
57.4	3	224.419
57.4	5	206.337
57.4	7	173.035
57.4	9	181.16
57.5	1	191.231
57.5	3	203.018
57.5	5	198.784
57.5	7	173.492
57.5	9	185.966
57.6	1	192.947
57.6	3	208.969
57.6	5	186.424
57.6	7	181.618
57.6	9	182.419
57.7	1	220.528
57.7	3	185.966
57.7	5	186.195
57.7	7	196.838
57.7	9	162.849
57.8	1	216.98
57.8	3	178.413
57.8	5	198.555
57.8	7	185.738
57.8	9	172.691
57.9	1	201.073
57.9	3	197.296
57.9	5	175.323
57.9	7	199.127
57.9	9	179.558
58	1	213.203
58	3	197.639
58	5	176.125
58	7	186.996
58	9	178.528
58.1	1	202.789
58.1	3	186.653
58.1	5	178.185
58.1	7	212.059
58.1	9	172.691
58.2	1	198.097
58.2	3	164.566
58.2	5	200.272
58.2	7	211.372
58.2	9	178.07
58.3	1	188.026
58.3	3	191.002
58.3	5	216.408
58.3	7	179.1
58.3	9	177.841
58.4	1	177.155
58.4	3	190.544
58.4	5	228.081
58.4	7	179.787
58.4	9	176.926
58.5	1	178.642
58.5	3	180.359
58.5	5	214.233
58.5	7	181.046
58.5	9	198.097
58.6	1	210.915
58.6	3	164.909
58.6	5	187.454
58.6	7	192.146
58.6	9	196.953
58.7	1	201.416
58.7	3	221.214
58.7	5	149.803
58.7	7	208.969
58.7	9	170.975
58.8	1	186.882
58.8	3	236.092
58.8	5	162.048
58.8	7	199.471
58.8	9	167.999
58.9	1	199.928
58.9	3	199.814
58.9	5	193.405
58.9	7	192.261
58.9	9	166.969
59	1	202.789
59	3	207.367
59	5	167.656
59	7	167.084
59	9	207.481
59.1	1	189.743
59.1	3	204.62
59.1	5	211.372
59.1	7	162.735
59.1	9	183.907
59.2	1	174.866
59.2	3	206.566
59.2	5	226.135
59.2	7	159.531
59.2	9	185.394
59.3	1	196.037
59.3	3	192.604
59.3	5	177.727
59.3	7	184.937
59.3	9	201.073
59.4	1	185.051
59.4	3	173.836
59.4	5	184.135
59.4	7	203.705
59.4	9	205.65
59.5	1	160.561
59.5	3	165.825
59.5	5	209.427
59.5	7	209.312
59.5	9	207.253
59.6	1	174.866
59.6	3	184.593
59.6	5	218.124
59.6	7	169.029
59.6	9	205.879
59.7	1	200.844
59.7	3	170.517
59.7	5	193.062
59.7	7	187.683
59.7	9	200.272
59.8	1	181.732
59.8	3	195.808
59.8	5	213.89
59.8	7	184.25
59.8	9	176.697
59.9	1	190.887
59.9	3	183.334
59.9	5	220.07
59.9	7	171.547
59.9	9	186.539
60	1	210.8
60	3	199.814
60	5	192.032
60	7	159.874
60	9	189.857
60.1	1	256.577
60.1	3	227.165
60.1	5	239.639
60.1	7	218.811
60.1	9	10.2805
60.2	1	264.702
60.2	3	234.718
60.2	5	242.5
60.2	7	210.457
60.2	9	0
60.3	1	259.895
60.3	3	223.503
60.3	5	247.078
60.3	7	221.901
60.3	9	0
60.4	1	268.936
60.4	3	217.781
60.4	5	210.342
60.4	7	255.432
60.4	9	0
60.5	1	240.44
60.5	3	230.255
60.5	5	214.92
60.5	7	266.762
60.5	9	0
60.6	1	188.713
60.6	3	281.296
60.6	5	224.648
60.6	7	257.721
60.6	9	0
60.7	1	182.304
60.7	3	272.026
60.7	5	254.745
60.7	7	243.301
60.7	9	0
60.8	1	192.49
60.8	3	235.405
60.8	5	259.438
60.8	7	265.16
60.8	9	0
60.9	1	199.814
60.9	3	252.228
60.9	5	227.623
60.9	7	272.713
60.9	9	0
61	1	214.348
61	3	243.759
61	5	235.291
61	7	258.98
61	9	0
61.1	1	220.299
61.1	3	219.955
61.1	5	272.141
61.1	7	239.983
61.1	9	0
61.2	1	253.258
61.2	3	222.931
61.2	5	272.942
61.2	7	203.247
61.2	9	0
61.3	1	267.22
61.3	3	229.797
61.3	5	248.108
61.3	7	207.367
61.3	9	0
61.4	1	232.887
61.4	3	234.375
61.4	5	265.617
61.4	7	219.498
61.4	9	0
61.5	1	237.808
61.5	3	264.13
61.5	5	243.416
61.5	7	207.024
61.5	9	0
61.6	1	245.476
61.6	3	283.012
61.6	5	227.28
61.6	7	196.609
61.6	9	0
61.7	1	242.844
61.7	3	256.233
61.7	5	243.301
61.7	7	210.114
61.7	9	0
61.8	1	223.045
61.8	3	283.813
61.8	5	225.105
61.8	7	220.413
61.8	9	0
61.9	1	207.367
61.9	3	292.854
61.9	5	244.331
61.9	7	207.825
61.9	9	0
62	1	217.896
62	3	265.16
62	5	252.342
62	7	216.98
62	9	0
62.1	1	222.13
62.1	3	251.656
62.1	5	244.446
62.1	7	234.261
62.1	9	0
62.2	1	242.5
62.2	3	249.596
62.2	5	225.792
62.2	7	234.489
62.2	9	0
62.3	1	232.773
62.3	3	259.781
62.3	5	203.705
62.3	7	256.119
62.3	9	0
62.4	1	220.871
62.4	3	222.13
62.4	5	205.193
62.4	7	304.184
62.4	9	0
62.5	1	195.236
62.5	3	227.509
62.5	5	232.773
62.5	7	296.974
62.5	9	0
62.6	1	178.986
62.6	3	236.893
62.6	5	235.405
62.6	7	301.094
62.6	9	0
62.7	1	200.844
62.7	3	263.443
62.7	5	242.844
62.7	7	245.247
62.7	9	0
62.8	1	207.253
62.8	3	279.236
62.8	5	229.225
62.8	7	236.664
62.8	9	0
62.9	1	228.996
62.9	3	259.323
62.9	5	246.162
62.9	7	217.896
62.9	9	0
63	1	212.631
63	3	260.925
63	5	263.1
63	7	215.836
63	9	0
63.1	1	224.304
63.1	3	238.838
63.1	5	266.991
63.1	7	222.244
63.1	9	0
63.2	1	222.015
63.2	3	270.882
63.2	5	258.408
63.2	7	201.073
63.2	9	0
63.3	1	241.699
63.3	3	254.631
63.3	5	233.688
63.3	7	222.359
63.3	9	0
63.4	1	244.789
63.4	3	249.71
63.4	5	212.517
63.4	7	245.476
63.4	9	0
63.5	1	270.195
63.5	3	232.658
63.5	5	193.405
63.5	7	256.119
63.5	9	0
63.6	1	256.691
63.6	3	235.977
63.6	5	209.312
63.6	7	250.397
63.6	9	0
63.7	1	240.784
63.7	3	276.489
63.7	5	208.626
63.7	7	226.479
63.7	9	0
63.8	1	237.35
63.8	3	260.124
63.8	5	220.184
63.8	7	234.833
63.8	9	0
63.9	1	258.293
63.9	3	247.192
63.9	5	249.023
63.9	7	197.868
63.9	9	0
64	1	273.399
64	3	222.931
64	5	263.557
64	7	192.49
64	9	0
64.1	1	274.315
64.1	3	234.261
64.1	5	242.729
64.1	7	201.073
64.1	9	0
64.2	1	241.699
64.2	3	231.857
64.2	5	251.312
64.2	7	227.623
64.2	9	0
64.3	1	277.405
64.3	3	241.241
64.3	5	198.441
64.3	7	235.291
64.3	9	0
64.4	1	288.506
64.4	3	233.002
64.4	5	196.953
64.4	7	233.917
64.4	9	0
64.5	1	254.173
64.5	3	232.43
64.5	5	216.98
64.5	7	248.795
64.5	9	0
64.6	1	214.348
64.6	3	241.585
64.6	5	252.457
64.6	7	244.102
64.6	9	0
64.7	1	205.994
64.7	3	255.89
64.7	5	276.604
64.7	7	213.89
64.7	9	0
64.8	1	213.661
64.8	3	251.77
64.8	5	268.822
64.8	7	218.124
64.8	9	0
64.9	1	233.803
64.9	3	251.198
64.9	5	247.078
64.9	7	220.299
64.9	9	0
65	1	210.342
65	3	273.743
65	5	267.22
65	7	201.073
65	9	0
65.1	1	202.675
65.1	3	250.854
65.1	5	274.773
65.1	7	224.19
65.1	9	0
65.2	1	222.702
65.2	3	280.38
65.2	5	233.803
65.2	7	215.492
65.2	9	0
65.3	1	238.037
65.3	3	281.868
65.3	5	225.906
65.3	7	206.566
65.3	9	0
65.4	1	242.043
65.4	3	281.181
65.4	5	228.31
65.4	7	200.844
65.4	9	0
65.5	1	232.201
65.5	3	255.318
65.5	5	240.669
65.5	7	224.304
65.5	9	0
65.6	1	231.628
65.6	3	248.451
65.6	5	244.675
65.6	7	227.623
65.6	9	0
65.7	1	237.465
65.7	3	254.059
65.7	5	217.781
65.7	7	243.073
65.7	9	0
65.8	1	231.743
65.8	3	229.34
65.8	5	229.454
65.8	7	261.841
65.8	9	0
65.9	1	236.549
65.9	3	205.193
65.9	5	252.8
65.9	7	257.95
65.9	9	0
66	1	246.048
66	3	226.25
66	5	237.808
66	7	242.271
66	9	0
66.1	1	253.029
66.1	3	246.277
66.1	5	234.375
66.1	7	218.697
66.1	9	0
66.2	1	226.25
66.2	3	228.081
66.2	5	266.533
66.2	7	231.514
66.2	9	0
66.3	1	261.841
66.3	3	210.114
66.3	5	260.582
66.3	7	219.955
66.3	9	0
66.4	1	239.067
66.4	3	246.048
66.4	5	241.699
66.4	7	225.563
66.4	9	0
66.5	1	226.593
66.5	3	227.051
66.5	5	263.672
66.5	7	235.062
66.5	9	0
66.6	1	240.784
66.6	3	222.702
66.6	5	243.187
66.6	7	245.705
66.6	9	0
66.7	1	253.372
66.7	3	235.176
66.7	5	256.92
66.7	7	206.909
66.7	9	0
66.8	1	244.904
66.8	3	233.688
66.8	5	239.983
66.8	7	233.917
66.8	9	0
66.9	1	204.277
66.9	3	237.808
66.9	5	225.22
66.9	7	285.072
66.9	9	0
67	1	196.152
67	3	215.034
67	5	254.059
67	7	287.132
67	9	0
67.1	1	205.307
67.1	3	221.786
67.1	5	240.784
67.1	7	284.5
67.1	9	0
67.2	1	217.552
67.2	3	199.127
67.2	5	266.762
67.2	7	269.051
67.2	9	0
67.3	1	218.582
67.3	3	190.315
67.3	5	261.154
67.3	7	282.326
67.3	9	0
67.4	1	214.119
67.4	3	246.277
67.4	5	240.326
67.4	7	251.656
67.4	9	0
67.5	1	214.462
67.5	3	253.258
67.5	5	274.086
67.5	7	210.571
67.5	9	0
67.6	1	227.509
67.6	3	227.623
67.6	5	254.86
67.6	7	242.5
67.6	9	0
67.7	1	277.061
67.7	3	209.541
67.7	5	245.59
67.7	7	220.184
67.7	9	0
67.8	1	269.279
67.8	3	242.729
67.8	5	229.797
67.8	7	210.571
67.8	9	0
67.9	1	254.974
67.9	3	219.04
67.9	5	243.53
67.9	7	234.833
67.9	9	0
68	1	231.4
68	3	250.511
68	5	219.154
68	7	251.427
68	9	0
68.1	1	208.282
68.1	3	239.639
68.1	5	248.68
68.1	7	255.775
68.1	9	0
68.2	1	216.064
68.2	3	244.56
68.2	5	257.835
68.2	7	233.917
68.2	9	0
68.3	1	232.658
68.3	3	220.184
68.3	5	265.16
68.3	7	234.375
68.3	9	0
68.4	1	269.165
68.4	3	199.013
68.4	5	275.345
68.4	7	208.969
68.4	9	0
68.5	1	247.765
68.5	3	214.806
68.5	5	253.944
68.5	7	235.863
68.5	9	0
68.6	1	262.756
68.6	3	234.032
68.6	5	233.231
68.6	7	222.359
68.6	9	0
68.7	1	270.653
68.7	3	211.258
68.7	5	258.636
68.7	7	211.83
68.7	9	0
68.8	1	236.893
68.8	3	237.122
68.8	5	255.89
68.8	7	222.473
68.8	9	0
68.9	1	219.612
68.9	3	255.318
68.9	5	252.113
68.9	7	225.449
68.9	9	0
69	1	217.896
69	3	262.184
69	5	261.154
69	7	211.143
69	9	0
69.1	1	262.413
69.1	3	236.664
69.1	5	248.108
69.1	7	205.193
69.1	9	0
69.2	1	276.031
69.2	3	205.421
69.2	5	223.274
69.2	7	247.65
69.2	9	0
69.3	1	279.121
69.3	3	214.92
69.3	5	237.236
69.3	7	221.214
69.3	9	0
69.4	1	235.748
69.4	3	246.277
69.4	5	221.786
69.4	7	248.566
69.4	9	0
69.5	1	240.898
69.5	3	247.307
69.5	5	202.446
69.5	7	261.726
69.5	9	0
69.6	1	241.814
69.6	3	259.781
69.6	5	226.707
69.6	7	224.075
69.6	9	0
69.7	1	239.525
69.7	3	227.852
69.7	5	251.541
69.7	7	233.574
69.7	9	0
69.8	1	219.269
69.8	3	241.013
69.8	5	273.628
69.8	7	218.468
69.8	9	0
69.9	1	243.645
69.9	3	225.334
69.9	5	254.173
69.9	7	229.225
69.9	9	0
70	1	220.184
70	3	227.051
70	5	259.438
70	7	245.705
70	9	0
70.1	1	316.315
70.1	3	311.05
70.1	5	314.941
70.1	7	10.1385
70.1	9	0
70.2	1	332.451
70.2	3	302.582
70.2	5	317.345
70.2	7	0
70.2	9	0
70.3	1	333.023
70.3	3	291.595
70.3	5	327.759
70.3	7	0
70.3	9	0
70.4	1	313.911
70.4	3	296.974
70.4	5	341.606
70.4	7	0
70.4	9	0
70.5	1	274.315
70.5	3	318.832
70.5	5	359.23
70.5	7	0
70.5	9	0
70.6	1	303.841
70.6	3	299.606
70.6	5	348.93
70.6	7	0
70.6	9	0
70.7	1	349.503
70.7	3	299.835
70.7	5	303.04
70.7	7	0
70.7	9	0
70.8	1	315.17
70.8	3	311.623
70.8	5	325.699
70.8	7	0
70.8	9	0
70.9	1	300.407
70.9	3	340.118
70.9	5	311.852
70.9	7	0
70.9	9	0
71	1	266.762
71	3	356.255
71	5	329.361
71	7	0
71	9	0
71.1	1	284.157
71.1	3	334.282
71.1	5	333.939
71.1	7	0
71.1	9	0
71.2	1	297.89
71.2	3	321.007
71.2	5	333.595
71.2	7	0
71.2	9	0
71.3	1	308.189
71.3	3	304.527
71.3	5	339.661
71.3	7	0
71.3	9	0
71.4	1	310.822
71.4	3	346.298
71.4	5	295.258
71.4	7	0
71.4	9	0
71.5	1	327.187
71.5	3	320.435
71.5	5	304.756
71.5	7	0
71.5	9	0
71.6	1	289.536
71.6	3	364.265
71.6	5	298.576
71.6	7	0
71.6	9	0
71.7	1	306.587
71.7	3	325.241
71.7	5	320.663
71.7	7	0
71.7	9	0
71.8	1	311.394
71.8	3	288.506
71.8	5	352.478
71.8	7	0
71.8	9	0
71.9	1	324.898
71.9	3	315.17
71.9	5	312.309
71.9	7	0
71.9	9	0
72	1	309.563
72	3	316.2
72	5	326.614
72	7	0
72	9	0
72.1	1	300.179
72.1	3	312.653
72.1	5	339.661
72.1	7	0
72.1	9	0
72.2	1	293.541
72.2	3	321.465
72.2	5	337.372
72.2	7	0
72.2	9	0
72.3	1	306.702
72.3	3	310.822
72.3	5	334.854
72.3	7	0
72.3	9	0
72.4	1	322.495
72.4	3	283.127
72.4	5	346.756
72.4	7	0
72.4	9	0
72.5	1	299.606
72.5	3	293.999
72.5	5	358.887
72.5	7	0
72.5	9	0
72.6	1	286.446
72.6	3	286.903
72.6	5	379.028
72.6	7	0
72.6	9	0
72.7	1	317.802
72.7	3	266.876
72.7	5	367.699
72.7	7	0
72.7	9	0
72.8	1	301.895
72.8	3	273.972
72.8	5	376.511
72.8	7	0
72.8	9	0
72.9	1	327.415
72.9	3	252.457
72.9	5	372.62
72.9	7	0
72.9	9	0
73	1	283.127
73	3	304.756
73	5	364.494
73	7	0
73	9	0
73.1	1	312.881
73.1	3	319.405
73.1	5	320.091
73.1	7	0
73.1	9	0
73.2	1	331.764
73.2	3	278.664
73.2	5	341.949
73.2	7	0
73.2	9	0
73.3	1	339.546
73.3	3	271.797
73.3	5	341.148
73.3	7	0
73.3	9	0
73.4	1	318.031
73.4	3	299.377
73.4	5	334.969
73.4	7	0
73.4	9	0
73.5	1	313.568
73.5	3	295.715
73.5	5	343.094
73.5	7	0
73.5	9	0
73.6	1	314.14
73.6	3	302.696
73.6	5	335.541
73.6	7	0
73.6	9	0
73.7	1	297.89
73.7	3	323.296
73.7	5	331.192
73.7	7	0
73.7	9	0
73.8	1	311.966
73.8	3	326.958
73.8	5	313.568
73.8	7	0
73.8	9	0
73.9	1	323.524
73.9	3	329.819
73.9	5	299.034
73.9	7	0
73.9	9	0
74	1	311.165
74	3	341.034
74	5	300.179
74	7	0
74	9	0
74.1	1	313.339
74.1	3	346.756
74.1	5	292.282
74.1	7	0
74.1	9	0
74.2	1	303.841
74.2	3	358.772
74.2	5	289.879
74.2	7	0
74.2	9	0
74.3	1	283.47
74.3	3	344.009
74.3	5	324.898
74.3	7	0
74.3	9	0
74.4	1	271.454
74.4	3	325.813
74.4	5	355.11
74.4	7	0
74.4	9	0
74.5	1	314.484
74.5	3	308.189
74.5	5	329.704
74.5	7	0
74.5	9	0
74.6	1	344.81
74.6	3	293.655
74.6	5	314.026
74.6	7	0
74.6	9	0
74.7	1	334.969
74.7	3	315.285
74.7	5	302.124
74.7	7	0
74.7	9	0
74.8	1	296.402
74.8	3	307.503
74.8	5	348.473
74.8	7	0
74.8	9	0
74.9	1	285.072
74.9	3	272.598
74.9	5	394.707
74.9	7	0
74.9	9	0
75	1	282.898
75	3	289.764
75	5	379.829
75	7	0
75	9	0
75.1	1	287.819
75.1	3	344.81
75.1	5	319.748
75.1	7	0
75.1	9	0
75.2	1	263.214
75.2	3	347.214
75.2	5	341.949
75.2	7	0
75.2	9	0
75.3	1	314.14
75.3	3	321.121
75.3	5	317.116
75.3	7	0
75.3	9	0
75.4	1	304.527
75.4	3	321.007
75.4	5	326.843
75.4	7	0
75.4	9	0
75.5	1	313.454
75.5	3	327.644
75.5	5	311.394
75.5	7	0
75.5	9	0
75.6	1	301.094
75.6	3	336.113
75.6	5	315.17
75.6	7	0
75.6	9	0
75.7	1	308.189
75.7	3	330.963
75.7	5	313.225
75.7	7	0
75.7	9	0
75.8	1	281.868
75.8	3	318.947
75.8	5	351.562
75.8	7	0
75.8	9	0
75.9	1	285.759
75.9	3	309.906
75.9	5	356.827
75.9	7	0
75.9	9	0
76	1	326.157
76	3	278.091
76	5	348.129
76	7	0
76	9	0
76.1	1	314.713
76.1	3	292.74
76.1	5	344.925
76.1	7	0
76.1	9	0
76.2	1	276.26
76.2	3	338.745
76.2	5	337.372
76.2	7	0
76.2	9	0
76.3	1	271.912
76.3	3	346.87
76.3	5	333.71
76.3	7	0
76.3	9	0
76.4	1	275.574
76.4	3	320.32
76.4	5	356.483
76.4	7	0
76.4	9	0
76.5	1	278.664
76.5	3	325.813
76.5	5	347.9
76.5	7	0
76.5	9	0
76.6	1	308.762
76.6	3	297.318
76.6	5	346.298
76.6	7	0
76.6	9	0
76.7	1	360.26
76.7	3	274.086
76.7	5	318.146
76.7	7	0
76.7	9	0
76.8	1	348.587
76.8	3	280.838
76.8	5	322.952
76.8	7	0
76.8	9	0
76.9	1	312.653
76.9	3	299.034
76.9	5	340.691
76.9	7	0
76.9	9	0
77	1	293.427
77	3	257.492
77	5	401.459
77	7	0
77	9	0
77.1	1	287.132
77.1	3	273.399
77.1	5	391.96
77.1	7	0
77.1	9	0
77.2	1	306.358
77.2	3	304.756
77.2	5	341.263
77.2	7	0
77.2	9	0
77.3	1	324.326
77.3	3	311.852
77.3	5	316.2
77.3	7	0
77.3	9	0
77.4	1	285.988
77.4	3	331.879
77.4	5	334.511
77.4	7	0
77.4	9	0
77.5	1	324.44
77.5	3	367.355
77.5	5	260.582
77.5	7	0
77.5	9	0
77.6	1	299.606
77.6	3	354.996
77.6	5	297.89
77.6	7	0
77.6	9	0
77.7	1	289.421
77.7	3	350.533
77.7	5	312.424
77.7	7	0
77.7	9	0
77.8	1	303.726
77.8	3	333.71
77.8	5	314.941
77.8	7	0
77.8	9	0
77.9	1	326.958
77.9	3	312.996
77.9	5	312.424
77.9	7	0
77.9	9	0
78	1	348.587
78	3	285.301
78	5	318.604
78	7	0
78	9	0
78.1	1	347.557
78.1	3	277.29
78.1	5	327.53
78.1	7	0
78.1	9	0
78.2	1	350.99
78.2	3	272.141
78.2	5	329.247
78.2	7	0
78.2	9	0
78.3	1	342.407
78.3	3	281.525
78.3	5	328.445
78.3	7	0
78.3	9	0
78.4	1	315.056
78.4	3	330.734
78.4	5	306.702
78.4	7	0
78.4	9	0
78.5	1	338.631
78.5	3	284.615
78.5	5	329.132
78.5	7	0
78.5	9	0
78.6	1	304.871
78.6	3	306.931
78.6	5	340.576
78.6	7	0
78.6	9	0
78.7	1	308.075
78.7	3	313.339
78.7	5	330.963
78.7	7	0
78.7	9	0
78.8	1	330.048
78.8	3	290.909
78.8	5	331.535
78.8	7	0
78.8	9	0
78.9	1	331.535
78.9	3	273.056
78.9	5	347.786
78.9	7	0
78.9	9	0
79	1	312.653
79	3	271.225
79	5	368.5
79	7	0
79	9	0
79.1	1	315.857
79.1	3	298.004
79.1	5	338.516
79.1	7	0
79.1	9	0
79.2	1	310.478
79.2	3	317.574
79.2	5	324.326
79.2	7	0
79.2	9	0
79.3	1	323.753
79.3	3	288.391
79.3	5	340.347
79.3	7	0
79.3	9	0
79.4	1	347.672
79.4	3	307.045
79.4	5	297.661
79.4	7	0
79.4	9	0
79.5	1	328.331
79.5	3	324.898
79.5	5	299.149
79.5	7	0
79.5	9	0
79.6	1	314.713
79.6	3	360.374
79.6	5	277.29
79.6	7	0
79.6	9	0
79.7	1	344.696
79.7	3	317.459
79.7	5	290.337
79.7	7	0
79.7	9	0
79.8	1	362.892
79.8	3	306.702
79.8	5	282.784
79.8	7	0
79.8	9	0
79.9	1	342.407
79.9	3	341.835
79.9	5	268.135
79.9	7	0
79.9	9	0
80	1	311.394
80	3	354.424
80	5	286.56
80	7	0
80	9	0
80.1	1	435.562
80.1	3	506.401
80.1	5	10.4327
80.1	7	0
80.1	9	0
80.2	1	463.715
80.2	3	488.777
80.2	5	0
80.2	7	0
80.2	9	0
80.3	1	506.516
80.3	3	445.862
80.3	5	0
80.3	7	0
80.3	9	0
80.4	1	494.957
80.4	3	457.42
80.4	5	0
80.4	7	0
80.4	9	0
80.5	1	457.649
80.5	3	494.728
80.5	5	0
80.5	7	0
80.5	9	0
80.6	1	464.401
80.6	3	488.091
80.6	5	0
80.6	7	0
80.6	9	0
80.7	1	476.761
80.7	3	475.616
80.7	5	0
80.7	7	0
80.7	9	0
80.8	1	495.529
80.8	3	456.848
80.8	5	0
80.8	7	0
80.8	9	0
80.9	1	485.916
80.9	3	466.461
80.9	5	0
80.9	7	0
80.9	9	0
81	1	442.314
81	3	510.178
81	5	0
81	7	0
81	9	0
81.1	1	421.371
81.1	3	531.006
81.1	5	0
81.1	7	0
81.1	9	0
81.2	1	489.349
81.2	3	463.028
81.2	5	0
81.2	7	0
81.2	9	0
81.3	1	484.886
81.3	3	467.491
81.3	5	0
81.3	7	0
81.3	9	0
81.4	1	475.044
81.4	3	477.448
81.4	5	0
81.4	7	0
81.4	9	0
81.5	1	471.725
81.5	3	480.652
81.5	5	0
81.5	7	0
81.5	9	0
81.6	1	462.685
81.6	3	489.693
81.6	5	0
81.6	7	0
81.6	9	0
81.7	1	504.227
81.7	3	448.151
81.7	5	0
81.7	7	0
81.7	9	0
81.8	1	514.641
81.8	3	437.737
81.8	5	0
81.8	7	0
81.8	9	0
81.9	1	507.431
81.9	3	445.061
81.9	5	0
81.9	7	0
81.9	9	0
82	1	504.341
82	3	448.036
82	5	0
82	7	0
82	9	0
82.1	1	518.074
82.1	3	434.303
82.1	5	0
82.1	7	0
82.1	9	0
82.2	1	513.611
82.2	3	438.766
82.2	5	0
82.2	7	0
82.2	9	0
82.3	1	468.521
82.3	3	483.971
82.3	5	0
82.3	7	0
82.3	9	0
82.4	1	470.009
82.4	3	482.368
82.4	5	0
82.4	7	0
82.4	9	0
82.5	1	471.954
82.5	3	480.423
82.5	5	0
82.5	7	0
82.5	9	0
82.6	1	499.878
82.6	3	452.499
82.6	5	0
82.6	7	0
82.6	9	0
82.7	1	489.235
82.7	3	463.257
82.7	5	0
82.7	7	0
82.7	9	0
82.8	1	462.799
82.8	3	489.578
82.8	5	0
82.8	7	0
82.8	9	0
82.9	1	467.491
82.9	3	484.886
82.9	5	0
82.9	7	0
82.9	9	0
83	1	452.271
83	3	500.107
83	5	0
83	7	0
83	9	0
83.1	1	444.145
83.1	3	508.347
83.1	5	0
83.1	7	0
83.1	9	0
83.2	1	451.126
83.2	3	501.251
83.2	5	0
83.2	7	0
83.2	9	0
83.3	1	481.567
83.3	3	470.81
83.3	5	0
83.3	7	0
83.3	9	0
83.4	1	463.028
83.4	3	489.349
83.4	5	0
83.4	7	0
83.4	9	0
83.5	1	435.104
83.5	3	517.273
83.5	5	0
83.5	7	0
83.5	9	0
83.6	1	459.023
83.6	3	493.469
83.6	5	0
83.6	7	0
83.6	9	0
83.7	1	473.785
83.7	3	478.592
83.7	5	0
83.7	7	0
83.7	9	0
83.8	1	494.499
83.8	3	457.878
83.8	5	0
83.8	7	0
83.8	9	0
83.9	1	502.625
83.9	3	449.753
83.9	5	0
83.9	7	0
83.9	9	0
84	1	479.736
84	3	472.755
84	5	0
84	7	0
84	9	0
84.1	1	468.636
84.1	3	483.742
84.1	5	0
84.1	7	0
84.1	9	0
84.2	1	479.507
84.2	3	472.87
84.2	5	0
84.2	7	0
84.2	9	0
84.3	1	479.851
84.3	3	472.527
84.3	5	0
84.3	7	0
84.3	9	0
84.4	1	455.704
84.4	3	496.788
84.4	5	0
84.4	7	0
84.4	9	0
84.5	1	456.619
84.5	3	495.758
84.5	5	0
84.5	7	0
84.5	9	0
84.6	1	456.963
84.6	3	495.415
84.6	5	0
84.6	7	0
84.6	9	0
84.7	1	480.537
84.7	3	471.84
84.7	5	0
84.7	7	0
84.7	9	0
84.8	1	480.881
84.8	3	471.611
84.8	5	0
84.8	7	0
84.8	9	0
84.9	1	488.091
84.9	3	464.287
84.9	5	0
84.9	7	0
84.9	9	0
85	1	480.194
85	3	472.183
85	5	0
85	7	0
85	9	0
85.1	1	450.783
85.1	3	501.595
85.1	5	0
85.1	7	0
85.1	9	0
85.2	1	463.715
85.2	3	488.777
85.2	5	0
85.2	7	0
85.2	9	0
85.3	1	495.644
85.3	3	456.734
85.3	5	0
85.3	7	0
85.3	9	0
85.4	1	508.575
85.4	3	443.802
85.4	5	0
85.4	7	0
85.4	9	0
85.5	1	493.355
85.5	3	459.023
85.5	5	0
85.5	7	0
85.5	9	0
85.6	1	463.142
85.6	3	489.235
85.6	5	0
85.6	7	0
85.6	9	0
85.7	1	468.407
85.7	3	484.085
85.7	5	0
85.7	7	0
85.7	9	0
85.8	1	456.161
85.8	3	496.216
85.8	5	0
85.8	7	0
85.8	9	0
85.9	1	413.246
85.9	3	539.131
85.9	5	0
85.9	7	0
85.9	9	0
86	1	429.84
86	3	522.537
86	5	0
86	7	0
86	9	0
86.1	1	453.644
86.1	3	498.848
86.1	5	0
86.1	7	0
86.1	9	0
86.2	1	472.298
86.2	3	480.08
86.2	5	0
86.2	7	0
86.2	9	0
86.3	1	498.619
86.3	3	453.758
86.3	5	0
86.3	7	0
86.3	9	0
86.4	1	520.248
86.4	3	432.129
86.4	5	0
86.4	7	0
86.4	9	0
86.5	1	521.851
86.5	3	430.641
86.5	5	0
86.5	7	0
86.5	9	0
86.6	1	507.889
86.6	3	444.489
86.6	5	0
86.6	7	0
86.6	9	0
86.7	1	477.448
86.7	3	474.93
86.7	5	0
86.7	7	0
86.7	9	0
86.8	1	478.706
86.8	3	473.671
86.8	5	0
86.8	7	0
86.8	9	0
86.9	1	468.178
86.9	3	484.314
86.9	5	0
86.9	7	0
86.9	9	0
87	1	465.202
87	3	487.175
87	5	0
87	7	0
87	9	0
87.1	1	440.025
87.1	3	512.352
87.1	5	0
87.1	7	0
87.1	9	0
87.2	1	458.221
87.2	3	494.156
87.2	5	0
87.2	7	0
87.2	9	0
87.3	1	433.044
87.3	3	519.333
87.3	5	0
87.3	7	0
87.3	9	0
87.4	1	443.001
87.4	3	509.491
87.4	5	0
87.4	7	0
87.4	9	0
87.5	1	500.793
87.5	3	451.584
87.5	5	0
87.5	7	0
87.5	9	0
87.6	1	487.976
87.6	3	464.401
87.6	5	0
87.6	7	0
87.6	9	0
87.7	1	438.194
87.7	3	514.183
87.7	5	0
87.7	7	0
87.7	9	0
87.8	1	468.75
87.8	3	483.742
87.8	5	0
87.8	7	0
87.8	9	0
87.9	1	494.499
87.9	3	457.878
87.9	5	0
87.9	7	0
87.9	9	0
88	1	513.954
88	3	438.423
88	5	0
88	7	0
88	9	0
88.1	1	509.148
88.1	3	443.23
88.1	5	0
88.1	7	0
88.1	9	0
88.2	1	498.276
88.2	3	454.216
88.2	5	0
88.2	7	0
88.2	9	0
88.3	1	464.058
88.3	3	488.319
88.3	5	0
88.3	7	0
88.3	9	0
88.4	1	483.055
88.4	3	469.322
88.4	5	0
88.4	7	0
88.4	9	0
88.5	1	478.134
88.5	3	474.243
88.5	5	0
88.5	7	0
88.5	9	0
88.6	1	455.132
88.6	3	497.36
88.6	5	0
88.6	7	0
88.6	9	0
88.7	1	490.952
88.7	3	461.426
88.7	5	0
88.7	7	0
88.7	9	0
88.8	1	467.148
88.8	3	485.229
88.8	5	0
88.8	7	0
88.8	9	0
88.9	1	459.137
88.9	3	493.24
88.9	5	0
88.9	7	0
88.9	9	0
89	1	440.598
89	3	511.894
89	5	0
89	7	0
89	9	0
89.1	1	466.576
89.1	3	485.802
89.1	5	0
89.1	7	0
89.1	9	0
89.2	1	457.878
89.2	3	494.499
89.2	5	0
89.2	7	0
89.2	9	0
89.3	1	457.649
89.3	3	494.728
89.3	5	0
89.3	7	0
89.3	9	0
89.4	1	459.137
89.4	3	493.24
89.4	5	0
89.4	7	0
89.4	9	0
89.5	1	451.241
89.5	3	501.251
89.5	5	0
89.5	7	0
89.5	9	0
89.6	1	432.014
89.6	3	520.363
89.6	5	0
89.6	7	0
89.6	9	0
89.7	1	449.295
89.7	3	503.082
89.7	5	0
89.7	7	0
89.7	9	0
89.8	1	470.695
89.8	3	481.682
89.8	5	0
89.8	7	0
89.8	9	0
89.9	1	453.415
89.9	3	499.077
89.9	5	0
89.9	7	0
89.9	9	0
90	1	465.66
90	3	486.717
90	5	0
90	7	0
90	9	0
90.1	1	941.68
90.1	3	10.347
90.1	5	0
90.1	7	0
90.1	9	0
90.2	1	951.818
90.2	3	0
90.2	5	0
90.2	7	0
90.2	9	0
90.3	1	951.898
90.3	3	0
90.3	5	0
90.3	7	0
90.3	9	0
90.4	1	951.818
90.4	3	0
90.4	5	0
90.4	7	0
90.4	9	0
90.5	1	951.898
90.5	3	0
90.5	5	0
90.5	7	0
90.5	9	0
90.6	1	951.898
90.6	3	0
90.6	5	0
90.6	7	0
90.6	9	0
90.7	1	951.818
90.7	3	0
90.7	5	0
90.7	7	0
90.7	9	0
90.8	1	951.898
90.8	3	0
90.8	5	0
90.8	7	0
90.8	9	0
90.9	1	951.818
90.9	3	0
90.9	5	0
90.9	7	0
90.9	9	0
91	1	951.898
91	3	0
91	5	0
91	7	0
91	9	0
91.1	1	951.818
91.1	3	0
91.1	5	0
91.1	7	0
91.1	9	0
91.2	1	951.898
91.2	3	0
91.2	5	0
91.2	7	0
91.2	9	0
91.3	1	951.898
91.3	3	0
91.3	5	0
91.3	7	0
91.3	9	0
91.4	1	951.818
91.4	3	0
91.4	5	0
91.4	7	0
91.4	9	0
91.5	1	951.898
91.5	3	0
91.5	5	0
91.5	7	0
91.5	9	0
91.6	1	951.818
91.6	3	0
91.6	5	0
91.6	7	0
91.6	9	0
91.7	1	951.898
91.7	3	0
91.7	5	0
91.7	7	0
91.7	9	0
91.8	1	951.898
91.8	3	0
91.8	5	0
91.8	7	0
91.8	9	0
91.9	1	951.818
91.9	3	0
91.9	5	0
91.9	7	0
91.9	9	0
92	1	951.898
92	3	0
92	5	0
92	7	0
92	9	0
92.1	1	951.818
92.1	3	0
92.1	5	0
92.1	7	0
92.1	9	0
92.2	1	951.898
92.2	3	0
92.2	5	0
92.2	7	0
92.2	9	0
92.3	1	951.818
92.3	3	0
92.3	5	0
92.3	7	0
92.3	9	0
92.4	1	951.898
92.4	3	0
92.4	5	0
92.4	7	0
92.4	9	0
92.5	1	951.898
92.5	3	0
92.5	5	0
92.5	7	0
92.5	9	0
92.6	1	951.818
92.6	3	0
92.6	5	0
92.6	7	0
92.6	9	0
92.7	1	951.898
92.7	3	0
92.7	5	0
92.7	7	0
92.7	9	0
92.8	1	951.818
92.8	3	0
92.8	5	0
92.8	7	0
92.8	9	0
92.9	1	951.898
92.9	3	0
92.9	5	0
92.9	7	0
92.9	9	0
93	1	951.898
93	3	0
93	5	0
93	7	0
93	9	0
93.1	1	951.818
93.1	3	0
93.1	5	0
93.1	7	0
93.1	9	0
93.2	1	951.898
93.2	3	0
93.2	5	0
93.2	7	0
93.2	9	0
93.3	1	951.818
93.3	3	0
93.3	5	0
93.3	7	0
93.3	9	0
93.4	1	951.898
93.4	3	0
93.4	5	0
93.4	7	0
93.4	9	0
93.5	1	951.818
93.5	3	0
93.5	5	0
93.5	7	0
93.5	9	0
93.6	1	951.898
93.6	3	0
93.6	5	0
93.6	7	0
93.6	9	0
93.7	1	951.898
93.7	3	0
93.7	5	0
93.7	7	0
93.7	9	0
93.8	1	951.818
93.8	3	0
93.8	5	0
93.8	7	0
93.8	9	0
93.9	1	951.898
93.9	3	0
93.9	5	0
93.9	7	0
93.9	9	0
94	1	951.818
94	3	0
94	5	0
94	7	0
94	9	0
94.1	1	951.898
94.1	3	0
94.1	5	0
94.1	7	0
94.1	9	0
94.2	1	951.898
94.2	3	0
94.2	5	0
94.2	7	0
94.2	9	0
94.3	1	951.818
94.3	3	0
94.3	5	0
94.3	7	0
94.3	9	0
94.4	1	951.898
94.4	3	0
94.4	5	0
94.4	7	0
94.4	9	0
94.5	1	951.818
94.5	3	0
94.5	5	0
94.5	7	0
94.5	9	0
94.6	1	951.898
94.6	3	0
94.6	5	0
94.6	7	0
94.6	9	0
94.7	1	951.818
94.7	3	0
94.7	5	0
94.7	7	0
94.7	9	0
94.8	1	951.898
94.8	3	0
94.8	5	0
94.8	7	0
94.8	9	0
94.9	1	951.898
94.9	3	0
94.9	5	0
94.9	7	0
94.9	9	0
95	1	951.818
95	3	0
95	5	0
95	7	0
95	9	0
95.1	1	951.898
95.1	3	0
95.1	5	0
95.1	7	0
95.1	9	0
95.2	1	951.818
95.2	3	0
95.2	5	0
95.2	7	0
95.2	9	0
95.3	1	951.898
95.3	3	0
95.3	5	0
95.3	7	0
95.3	9	0
95.4	1	951.898
95.4	3	0
95.4	5	0
95.4	7	0
95.4	9	0
95.5	1	951.818
95.5	3	0
95.5	5	0
95.5	7	0
95.5	9	0
95.6	1	951.898
95.6	3	0
95.6	5	0
95.6	7	0
95.6	9	0
95.7	1	951.818
95.7	3	0
95.7	5	0
95.7	7	0
95.7	9	0
95.8	1	951.898
95.8	3	0
95.8	5	0
95.8	7	0
95.8	9	0
95.9	1	951.818
95.9	3	0
95.9	5	0
95.9	7	0
95.9	9	0
96	1	951.898
96	3	0
96	5	0
96	7	0
96	9	0
96.1	1	951.898
96.1	3	0
96.1	5	0
96.1	7	0
96.1	9	0
96.2	1	951.818
96.2	3	0
96.2	5	0
96.2	7	0
96.2	9	0
96.3	1	951.898
96.3	3	0
96.3	5	0
96.3	7	0
96.3	9	0
96.4	1	951.818
96.4	3	0
96.4	5	0
96.4	7	0
96.4	9	0
96.5	1	951.898
96.5	3	0
96.5	5	0
96.5	7	0
96.5	9	0
96.6	1	951.898
96.6	3	0
96.6	5	0
96.6	7	0
96.6	9	0
96.7	1	951.818
96.7	3	0
96.7	5	0
96.7	7	0
96.7	9	0
96.8	1	951.898
96.8	3	0
96.8	5	0
96.8	7	0
96.8	9	0
96.9	1	951.818
96.9	3	0
96.9	5	0
96.9	7	0
96.9	9	0
97	1	951.898
97	3	0
97	5	0
97	7	0
97	9	0
97.1	1	951.818
97.1	3	0
97.1	5	0
97.1	7	0
97.1	9	0
97.2	1	951.898
97.2	3	0
97.2	5	0
97.2	7	0
97.2	9	0
97.3	1	951.898
97.3	3	0
97.3	5	0
97.3	7	0
97.3	9	0
97.4	1	951.818
97.4	3	0
97.4	5	0
97.4	7	0
97.4	9	0
97.5	1	951.898
97.5	3	0
97.5	5	0
97.5	7	0
97.5	9	0
97.6	1	951.818
97.6	3	0
97.6	5	0
97.6	7	0
97.6	9	0
97.7	1	951.898
97.7	3	0
97.7	5	0
97.7	7	0
97.7	9	0
97.8	1	951.898
97.8	3	0
97.8	5	0
97.8	7	0
97.8	9	0
97.9	1	951.818
97.9	3	0
97.9	5	0
97.9	7	0
97.9	9	0
98	1	951.898
98	3	0
98	5	0
98	7	0
98	9	0
98.1	1	951.818
98.1	3	0
98.1	5	0
98.1	7	0
98.1	9	0
98.2	1	951.898
98.2	3	0
98.2	5	0
98.2	7	0
98.2	9	0
98.3	1	951.818
98.3	3	0
98.3	5	0
98.3	7	0
98.3	9	0
98.4	1	951.898
98.4	3	0
98.4	5	0
98.4	7	0
98.4	9	0
98.5	1	951.898
98.5	3	0
98.5	5	0
98.5	7	0
98.5	9	0
98.6	1	951.818
98.6	3	0
98.6	5	0
98.6	7	0
98.6	9	0
98.7	1	951.898
98.7	3	0
98.7	5	0
98.7	7	0
98.7	9	0
98.8	1	951.818
98.8	3	0
98.8	5	0
98.8	7	0
98.8	9	0
98.9	1	951.898
98.9	3	0
98.9	5	0
98.9	7	0
98.9	9	0
99	1	951.898
99	3	0
99	5	0
99	7	0
99	9	0
99.1	1	951.818
99.1	3	0
99.1	5	0
99.1	7	0
99.1	9	0
99.2	1	951.898
99.2	3	0
99.2	5	0
99.2	7	0
99.2	9	0
99.3	1	951.818
99.3	3	0
99.3	5	0
99.3	7	0
99.3	9	0
99.4	1	951.898
99.4	3	0
99.4	5	0
99.4	7	0
99.4	9	0
99.5	1	951.818
99.5	3	0
99.5	5	0
99.5	7	0
99.5	9	0
99.6	1	951.898
99.6	3	0
99.6	5	0
99.6	7	0
99.6	9	0
99.7	1	951.898
99.7	3	0
99.7	5	0
99.7	7	0
99.7	9	0
99.8	1	951.818
99.8	3	0
99.8	5	0
99.8	7	0
99.8	9	0
99.9	1	951.898
99.9	3	0
99.9	5	0
99.9	7	0
99.9	9	0
